,,,1,,,,,,,,,50,0,22441
,,,2,,,,,,,,,49,13,22427
,,,3,,,,,,,,,49,25,22415
,,,4,,,,,,,,,49,40,22400
,,,5,,,,,,,,,49,61,22379
,,,6,,,,,,,,,49,73,22367
,,,7,,,,,,,,,49,85,22355
,,,8,,,,,,,,,49,97,22343
,,,9,,,,,,,,,49,110,22330
,,,10,,,,,,,,,49,123,22317
,,,11,,,,,,,,,49,135,22305
,,,12,,,,,,,,,49,148,22292
,,,13,,,,,,,,,49,160,22280
,,,14,,,,,,,,,49,172,22268
,,,15,,,,,,,,,49,184,22257
,,,16,,,,,,,,,49,195,22245
,,,17,,,,,,,,,49,206,22234
,,,18,,,,,,,,,49,218,22222
,,,19,,,,,,,,,48,231,22209
,,,20,,,,,,,,,48,243,22197
,,,21,,,,,,,,,48,254,22186
,,,22,,,,,,,,,48,265,22175
,,,23,,,,,,,,,48,276,22164
,,,24,,,,,,,,,48,287,22153
,,,25,,,,,,,,,48,299,22141
,,,26,,,,,,,,,48,310,22130
,,,27,,,,,,,,,48,323,22118
,,,28,,,,,,,,,48,335,22105
,,,29,,,,,,,,,48,349,22092
,,,30,,,,,,,,,48,362,22078
,,,31,,,,,,,,,48,375,22065
,,,32,,,,,,,,,48,389,22052
,,,33,,,,,,,,,48,402,22039
,,,34,,,,,,,,,48,414,22026
,,,35,,,,,,,,,48,425,22015
,,,36,,,,,,,,,48,436,22004
,,,37,,,,,,,,,47,447,21993
,,,38,,,,,,,,,47,458,21982
,,,39,,,,,,,,,47,472,21969
,,,40,,,,,,,,,47,485,21955
,,,41,,,,,,,,,47,498,21942
,,,42,,,,,,,,,47,510,21930
,,,43,,,,,,,,,47,523,21917
,,,44,,,,,,,,,47,536,21904
,,,45,,,,,,,,,47,548,21892
,,,46,,,,,,,,,47,561,21879
,,,47,,,,,,,,,47,573,21867
,,,48,,,,,,,,,47,585,21855
,,,49,,,,,,,,,47,597,21843
,,,50,,,,,,,,,47,609,21831
,,,51,,,,,,,,,47,620,21820
,,,52,,,,,,,,,47,632,21808
,,,53,,,,,,,,,47,643,21797
,,,54,,,,,,,,,47,654,21786
,,,55,,,,,,,,,46,665,21775
,,,56,,,,,,,,,46,676,21764
,,,57,,,,,,,,,46,686,21755
,,,58,,,,,,,,,46,699,21742
,,,59,,,,,,,,,46,711,21730
,,,60,,,,,,,,,46,723,21717
,,,61,,,,,,,,,46,735,21705
,,,62,,,,,,,,,46,747,21693
,,,63,,,,,,,,,46,759,21681
,,,64,,,,,,,,,46,770,21670
,,,65,,,,,,,,,46,782,21658
,,,66,,,,,,,,,46,794,21646
,,,67,,,,,,,,,46,807,21634
,,,68,,,,,,,,,46,819,21621
,,,69,,,,,,,,,46,831,21609
,,,70,,,,,,,,,46,843,21597
,,,71,,,,,,,,,46,856,21585
,,,72,,,,,,,,,46,868,21572
,,,73,,,,,,,,,46,880,21560
,,,74,,,,,,,,,45,893,21548
,,,75,,,,,,,,,45,905,21535
,,,76,,,,,,,,,45,917,21523
,,,77,,,,,,,,,45,930,21510
,,,78,,,,,,,,,45,943,21498
,,,79,,,,,,,,,45,955,21485
,,,80,,,,,,,,,45,968,21472
,,,81,,,,,,,,,45,980,21460
,,,82,,,,,,,,,45,992,21448
,,,83,,,,,,,,,45,1003,21437
,,,84,,,,,,,,,45,1013,21427
,,,85,,,,,,,,,45,1032,21409
,,,86,,,,,,,,,45,1050,21390
,,,87,,,,,,,,,45,1060,21380
,,,88,,,,,,,,,45,1071,21369
,,,89,,,,,,,,,45,1082,21358
,,,90,,,,,,,,,45,1096,21344
,,,91,,,,,,,,,44,1111,21330
,,,92,,,,,,,,,44,1124,21316
,,,93,,,,,,,,,44,1139,21301
,,,94,,,,,,,,,44,1154,21287
,,,95,,,,,,,,,44,1168,21272
,,,96,,,,,,,,,44,1182,21258
,,,97,,,,,,,,,44,1196,21244
,,,98,,,,,,,,,44,1210,21230
,,,99,,,,,,,,,44,1224,21216
,,,100,,,,,,,,,44,1238,21203
,,,101,,,,,,,,,44,1251,21189
,,,102,,,,,,,,,44,1265,21175
,,,103,,,,,,,,,44,1278,21162
,,,104,,,,,,,,,44,1291,21149
,,,105,,,,,,,,,44,1305,21135
,,,106,,,,,,,,,44,1319,21121
,,,107,,,,,,,,,43,1331,21109
,,,108,,,,,,,,,43,1344,21096
,,,109,,,,,,,,,43,1356,21084
,,,110,,,,,,,,,43,1367,21073
,,,111,,,,,,,,,43,1379,21061
,,,112,,,,,,,,,43,1390,21050
,,,113,,,,,,,,,43,1401,21039
,,,114,,,,,,,,,43,1420,21020
,,,115,,,,,,,,,43,1431,21009
,,,116,,,,,,,,,43,1437,21004
,,,117,,,,,,,,,43,1452,20988
,,,118,,,,,,,,,43,1470,20970
,,,119,,,,,,,,,43,1481,20959
,,,120,,,,,,,,,43,1494,20946
,,,121,,,,,,,,,43,1507,20933
,,,122,,,,,,,,,43,1521,20919
,,,123,,,,,,,,,43,1534,20906
,,,124,,,,,,,,,42,1548,20892
,,,125,,,,,,,,,42,1562,20878
,,,126,,,,,,,,,42,1575,20865
,,,127,,,,,,,,,42,1589,20851
,,,128,,,,,,,,,42,1602,20838
,,,129,,,,,,,,,42,1615,20826
,,,130,,,,,,,,,42,1627,20813
,,,131,,,,,,,,,42,1639,20801
,,,132,,,,,,,,,42,1650,20790
,,,133,,,,,,,,,42,1661,20779
,,,134,,,,,,,,,42,1672,20769
,,,135,,,,,,,,,42,1690,20750
,,,136,,,,,,,,,42,1710,20731
,,,137,,,,,,,,,42,1720,20720
,,,138,,,,,,,,,42,1731,20709
,,,139,,,,,,,,,42,1742,20698
,,,140,,,,,,,,,42,1755,20685
,,,141,,,,,,,,,41,1769,20671
,,,142,,,,,,,,,41,1783,20657
,,,143,,,,,,,,,41,1797,20643
,,,144,,,,,,,,,41,1811,20629
,,,145,,,,,,,,,41,1824,20616
,,,146,,,,,,,,,41,1836,20604
,,,147,,,,,,,,,41,1848,20592
,,,148,,,,,,,,,41,1859,20581
,,,149,,,,,,,,,41,1870,20570
,,,150,,,,,,,,,41,1880,20560
,,,151,,,,,,,,,41,1894,20547
,,,152,,,,,,,,,41,1907,20534
,,,153,,,,,,,,,41,1917,20523
,,,154,,,,,,,,,41,1930,20510
,,,155,,,,,,,,,41,1944,20496
,,,156,,,,,,,,,41,1955,20485
,,,157,,,,,,,,,41,1967,20473
,,,158,,,,,,,,,41,1976,20465
,,,159,,,,,,,,,41,1981,20459
,,,160,,,,,,,,,40,1993,20447
,,,161,,,,,,,,,40,2006,20435
,,,162,,,,,,,,,40,2021,20419
,,,163,,,,,,,,,40,2039,20401
,,,164,,,,,,,,,40,2055,20386
,,,165,,,,,,,,,40,2073,20367
,,,166,,,,,,,,,40,2090,20350
,,,167,,,,,,,,,40,2104,20337
,,,168,,,,,,,,,40,2120,20321
,,,169,,,,,,,,,40,2131,20309
,,,170,,,,,,,,,40,2143,20297
,,,171,,,,,,,,,40,2154,20286
,,,172,,,,,,,,,40,2166,20274
,,,173,,,,,,,,,40,2178,20262
,,,174,,,,,,,,,40,2190,20250
,,,175,,,,,,,,,40,2203,20237
,,,176,,,,,,,,,39,2216,20224
,,,177,,,,,,,,,39,2230,20211
,,,178,,,,,,,,,39,2243,20197
,,,179,,,,,,,,,39,2257,20183
,,,180,,,,,,,,,39,2270,20170
,,,181,,,,,,,,,39,2283,20158
,,,182,,,,,,,,,39,2295,20145
,,,183,,,,,,,,,39,2307,20133
,,,184,,,,,,,,,39,2318,20122
,,,185,,,,,,,,,39,2330,20110
,,,186,,,,,,,,,39,2342,20098
,,,187,,,,,,,,,39,2354,20087
,,,188,,,,,,,,,39,2366,20074
,,,189,,,,,,,,,39,2379,20062
,,,190,,,,,,,,,39,2392,20048
,,,191,,,,,,,,,39,2404,20036
,,,192,,,,,,,,,39,2416,20024
,,,193,,,,,,,,,38,2429,20011
,,,194,,,,,,,,,38,2442,19998
,,,195,,,,,,,,,38,2454,19986
,,,196,,,,,,,,,38,2466,19974
,,,197,,,,,,,,,38,2478,19962
,,,198,,,,,,,,,38,2489,19951
,,,199,,,,,,,,,38,2508,19932
,,,200,,,,,,,,,38,2525,19915
,,,201,,,,,,,,,38,2546,19894
,,,202,,,,,,,,,38,2556,19884
,,,203,,,,,,,,,38,2567,19874
,,,204,,,,,,,,,38,2585,19855
,,,205,,,,,,,,,38,2603,19837
,,,206,,,,,,,,,38,2621,19819
,,,207,,,,,,,,,38,2633,19807
,,,208,,,,,,,,,38,2645,19795
,,,209,,,,,,,,,37,2658,19783
,,,210,,,,,,,,,37,2671,19770
,,,211,,,,,,,,,37,2683,19757
,,,212,,,,,,,,,37,2695,19745
,,,213,,,,,,,,,37,2708,19732
,,,214,,,,,,,,,37,2720,19720
,,,215,,,,,,,,,37,2731,19709
,,,216,,,,,,,,,37,2743,19697
,,,217,,,,,,,,,37,2755,19686
,,,218,,,,,,,,,37,2766,19674
,,,219,,,,,,,,,37,2778,19662
,,,220,,,,,,,,,37,2790,19650
,,,221,,,,,,,,,37,2802,19639
,,,222,,,,,,,,,37,2813,19627
,,,223,,,,,,,,,37,2825,19615
,,,224,,,,,,,,,37,2838,19602
,,,225,,,,,,,,,37,2851,19590
,,,226,,,,,,,,,37,2863,19577
,,,227,,,,,,,,,36,2876,19564
,,,228,,,,,,,,,36,2889,19551
,,,229,,,,,,,,,36,2902,19538
,,,230,,,,,,,,,36,2917,19523
,,,231,,,,,,,,,36,2931,19509
,,,232,,,,,,,,,36,2945,19495
,,,233,,,,,,,,,36,2958,19482
,,,234,,,,,,,,,36,2972,19468
,,,235,,,,,,,,,36,2985,19455
,,,236,,,,,,,,,36,2997,19443
,,,237,,,,,,,,,36,3009,19431
,,,238,,,,,,,,,36,3021,19419
,,,239,,,,,,,,,36,3033,19407
,,,240,,,,,,,,,36,3046,19394
,,,241,,,,,,,,,36,3059,19381
,,,242,,,,,,,,,36,3072,19368
,,,243,,,,,,,,,36,3085,19355
,,,244,,,,,,,,,35,3098,19342
,,,245,,,,,,,,,35,3110,19330
,,,246,,,,,,,,,35,3122,19318
,,,247,,,,,,,,,35,3135,19305
,,,248,,,,,,,,,35,3147,19293
,,,249,,,,,,,,,35,3158,19282
,,,250,,,,,,,,,35,3168,19272
,,,251,,,,,,,,,35,3180,19261
,,,252,,,,,,,,,35,3191,19249
,,,253,,,,,,,,,35,3204,19237
,,,254,,,,,,,,,35,3216,19225
,,,255,,,,,,,,,35,3229,19211
,,,256,,,,,,,,,35,3242,19198
,,,257,,,,,,,,,35,3254,19186
,,,258,,,,,,,,,35,3265,19175
,,,259,,,,,,,,,35,3276,19164
,,,260,,,,,,,,,35,3293,19147
,,,261,,,,,,,,,35,3305,19136
,,,262,,,,,,,,,34,3317,19123
,,,263,,,,,,,,,34,3319,19122
,,,264,,,,,,,,,34,3330,19110
,,,265,,,,,,,,,34,3349,19091
,,,266,,,,,,,,,34,3360,19080
,,,267,,,,,,,,,34,3372,19068
,,,268,,,,,,,,,34,3385,19055
,,,269,,,,,,,,,34,3397,19043
,,,270,,,,,,,,,34,3411,19030
,,,271,,,,,,,,,34,3424,19016
,,,272,,,,,,,,,34,3437,19003
,,,273,,,,,,,,,34,3450,18990
,,,274,,,,,,,,,34,3462,18978
,,,275,,,,,,,,,34,3474,18966
,,,276,,,,,,,,,34,3486,18954
,,,277,,,,,,,,,34,3500,18940
,,,278,,,,,,,,,34,3514,18926
,,,279,,,,,,,,,34,3527,18913
,,,280,,,,,,,,,33,3540,18900
,,,281,,,,,,,,,33,3552,18888
,,,282,,,,,,,,,33,3565,18876
,,,283,,,,,,,,,33,3578,18863
,,,284,,,,,,,,,33,3591,18849
,,,285,,,,,,,,,33,3606,18834
,,,286,,,,,,,,,33,3621,18820
,,,287,,,,,,,,,33,3635,18805
,,,288,,,,,,,,,33,3650,18790
,,,289,,,,,,,,,33,3664,18776
,,,290,,,,,,,,,33,3678,18762
,,,291,,,,,,,,,33,3693,18747
,,,292,,,,,,,,,33,3707,18733
,,,293,,,,,,,,,33,3721,18719
,,,294,,,,,,,,,33,3735,18705
,,,295,,,,,,,,,33,3749,18691
,,,296,,,,,,,,,32,3763,18677
,,,297,,,,,,,,,32,3777,18663
,,,298,,,,,,,,,32,3791,18649
,,,299,,,,,,,,,32,3803,18637
,,,300,,,,,,,,,32,3815,18625
,,,301,,,,,,,,,32,3826,18615
,,,302,,,,,,,,,32,3842,18598
,,,303,,,,,,,,,32,3852,18588
,,,304,,,,,,,,,32,3866,18574
,,,305,,,,,,,,,32,3883,18557
,,,306,,,,,,,,,32,3895,18545
,,,307,,,,,,,,,32,3908,18533
,,,308,,,,,,,,,32,3922,18518
,,,309,,,,,,,,,32,3936,18504
,,,310,,,,,,,,,32,3951,18489
,,,311,,,,,,,,,32,3966,18474
,,,312,,,,,,,,,31,3981,18459
,,,313,,,,,,,,,31,3995,18445
,,,314,,,,,,,,,31,4009,18432
,,,315,,,,,,,,,31,4022,18418
,,,316,,,,,,,,,31,4034,18406
,,,317,,,,,,,,,31,4045,18395
,,,318,,,,,,,,,31,4061,18379
,,,319,,,,,,,,,31,4072,18368
,,,320,,,,,,,,,31,4083,18357
,,,321,,,,,,,,,31,4096,18344
,,,322,,,,,,,,,31,4108,18332
,,,323,,,,,,,,,31,4119,18321
,,,324,,,,,,,,,31,4134,18307
,,,325,,,,,,,,,31,4150,18291
,,,326,,,,,,,,,31,4165,18276
,,,327,,,,,,,,,31,4179,18261
,,,328,,,,,,,,,30,4192,18248
,,,329,,,,,,,,,30,4206,18235
,,,330,,,,,,,,,30,4219,18221
,,,331,,,,,,,,,30,4233,18207
,,,332,,,,,,,,,30,4247,18193
,,,333,,,,,,,,,30,4261,18179
,,,334,,,,,,,,,30,4274,18166
,,,335,,,,,,,,,30,4287,18153
,,,336,,,,,,,,,30,4300,18140
,,,337,,,,,,,,,30,4313,18127
,,,338,,,,,,,,,30,4326,18115
,,,339,,,,,,,,,30,4339,18101
,,,340,,,,,,,,,30,4351,18089
,,,341,,,,,,,,,30,4363,18077
,,,342,,,,,,,,,30,4374,18066
,,,343,,,,,,,,,30,4385,18055
,,,344,,,,,,,,,30,4395,18045
,,,345,,,,,,,,,30,4407,18034
,,,346,,,,,,,,,29,4427,18013
,,,347,,,,,,,,,29,4442,17998
,,,348,,,,,,,,,29,4451,17989
,,,349,,,,,,,,,29,4468,17973
,,,350,,,,,,,,,29,4486,17954
,,,351,,,,,,,,,29,4498,17942
,,,352,,,,,,,,,29,4510,17931
,,,353,,,,,,,,,29,4521,17919
,,,354,,,,,,,,,29,4531,17909
,,,355,,,,,,,,,29,4552,17889
,,,356,,,,,,,,,29,4571,17870
,,,357,,,,,,,,,29,4591,17849
,,,358,,,,,,,,,29,4601,17839
,,,359,,,,,,,,,29,4611,17829
,,,360,,,,,,,,,29,4622,17818
,,,361,,,,,,,,,29,4632,17808
,,,362,,,,,,,,,28,4642,17798
,,,363,,,,,,,,,28,4663,17777
,,,364,,,,,,,,,28,4675,17765
,,,365,,,,,,,,,28,4688,17753
,,,366,,,,,,,,,28,4700,17740
,,,367,,,,,,,,,28,4713,17728
,,,368,,,,,,,,,28,4726,17714
,,,369,,,,,,,,,28,4738,17702
,,,370,,,,,,,,,28,4752,17688
,,,371,,,,,,,,,28,4765,17675
,,,372,,,,,,,,,28,4779,17662
,,,373,,,,,,,,,28,4792,17648
,,,374,,,,,,,,,28,4804,17636
,,,375,,,,,,,,,28,4817,17623
,,,376,,,,,,,,,28,4830,17611
,,,377,,,,,,,,,28,4841,17600
,,,378,,,,,,,,,28,4851,17589
,,,379,,,,,,,,,27,4862,17578
,,,380,,,,,,,,,27,4872,17568
,,,381,,,,,,,,,27,4884,17556
,,,382,,,,,,,,,27,4897,17543
,,,383,,,,,,,,,27,4910,17530
,,,384,,,,,,,,,27,4923,17517
,,,385,,,,,,,,,27,4935,17505
,,,386,,,,,,,,,27,4947,17493
,,,387,,,,,,,,,27,4959,17481
,,,388,,,,,,,,,27,4970,17470
,,,389,,,,,,,,,27,4980,17460
,,,390,,,,,,,,,27,4993,17447
,,,391,,,,,,,,,27,5007,17433
,,,392,,,,,,,,,27,5018,17422
,,,393,,,,,,,,,27,5039,17401
,,,394,,,,,,,,,27,5051,17389
,,,395,,,,,,,,,27,5071,17369
,,,396,,,,,,,,,26,5088,17352
,,,397,,,,,,,,,26,5104,17336
,,,398,,,,,,,,,26,5120,17320
,,,399,,,,,,,,,26,5135,17306
,,,400,,,,,,,,,26,5149,17291
,,,401,,,,,,,,,26,5164,17277
,,,402,,,,,,,,,26,5177,17263
,,,403,,,,,,,,,26,5191,17249
,,,404,,,,,,,,,26,5204,17236
,,,405,,,,,,,,,26,5217,17223
,,,406,,,,,,,,,26,5231,17210
,,,407,,,,,,,,,26,5244,17196
,,,408,,,,,,,,,26,5258,17183
,,,409,,,,,,,,,26,5272,17168
,,,410,,,,,,,,,26,5286,17154
,,,411,,,,,,,,,25,5300,17140
,,,412,,,,,,,,,25,5314,17126
,,,413,,,,,,,,,25,5328,17112
,,,414,,,,,,,,,25,5343,17097
,,,415,,,,,,,,,25,5358,17082
,,,416,,,,,,,,,25,5372,17068
,,,417,,,,,,,,,25,5385,17055
,,,418,,,,,,,,,25,5398,17042
,,,419,,,,,,,,,25,5411,17029
,,,420,,,,,,,,,25,5423,17017
,,,421,,,,,,,,,25,5435,17005
,,,422,,,,,,,,,25,5447,16993
,,,423,,,,,,,,,25,5459,16981
,,,424,,,,,,,,,25,5471,16969
,,,425,,,,,,,,,25,5482,16958
,,,426,,,,,,,,,25,5493,16947
,,,427,,,,,,,,,25,5504,16936
,,,428,,,,,,,,,24,5516,16924
,,,429,,,,,,,,,24,5528,16912
,,,430,,,,,,,,,24,5540,16900
,,,431,,,,,,,,,24,5553,16887
,,,432,,,,,,,,,24,5565,16875
,,,433,,,,,,,,,24,5577,16863
,,,434,,,,,,,,,24,5589,16851
,,,435,,,,,,,,,24,5601,16839
,,,436,,,,,,,,,24,5613,16828
,,,437,,,,,,,,,24,5624,16816
,,,438,,,,,,,,,24,5636,16804
,,,439,,,,,,,,,24,5648,16792
,,,440,,,,,,,,,24,5660,16780
,,,441,,,,,,,,,24,5673,16767
,,,442,,,,,,,,,24,5685,16755
,,,443,,,,,,,,,24,5697,16743
,,,444,,,,,,,,,24,5709,16731
,,,445,,,,,,,,,24,5721,16720
,,,446,,,,,,,,,24,5733,16707
,,,447,,,,,,,,,23,5745,16695
,,,448,,,,,,,,,23,5757,16683
,,,449,,,,,,,,,23,5769,16671
,,,450,,,,,,,,,23,5782,16659
,,,451,,,,,,,,,23,5795,16645
,,,452,,,,,,,,,23,5808,16633
,,,453,,,,,,,,,23,5821,16619
,,,454,,,,,,,,,23,5834,16606
,,,455,,,,,,,,,23,5847,16593
,,,456,,,,,,,,,23,5860,16580
,,,457,,,,,,,,,23,5873,16567
,,,458,,,,,,,,,23,5886,16554
,,,459,,,,,,,,,23,5899,16542
,,,460,,,,,,,,,23,5911,16529
,,,461,,,,,,,,,23,5924,16516
,,,462,,,,,,,,,23,5935,16505
,,,463,,,,,,,,,23,5948,16492
,,,464,,,,,,,,,22,5960,16480
,,,465,,,,,,,,,22,5974,16466
,,,466,,,,,,,,,22,5987,16453
,,,467,,,,,,,,,22,6001,16439
,,,468,,,,,,,,,22,6014,16426
,,,469,,,,,,,,,22,6027,16413
,,,470,,,,,,,,,22,6041,16400
,,,471,,,,,,,,,22,6054,16386
,,,472,,,,,,,,,22,6067,16373
,,,473,,,,,,,,,22,6082,16359
,,,474,,,,,,,,,22,6096,16345
,,,475,,,,,,,,,22,6110,16330
,,,476,,,,,,,,,22,6124,16316
,,,477,,,,,,,,,22,6139,16301
,,,478,,,,,,,,,22,6153,16288
,,,479,,,,,,,,,22,6166,16274
,,,480,,,,,,,,,21,6178,16262
,,,481,,,,,,,,,21,6190,16250
,,,482,,,,,,,,,21,6201,16240
,,,483,,,,,,,,,21,6211,16229
,,,484,,,,,,,,,21,6230,16210
,,,485,,,,,,,,,21,6246,16194
,,,486,,,,,,,,,21,6256,16184
,,,487,,,,,,,,,21,6263,16177
,,,488,,,,,,,,,21,6274,16166
,,,489,,,,,,,,,21,6288,16152
,,,490,,,,,,,,,21,6303,16137
,,,491,,,,,,,,,21,6321,16119
,,,492,,,,,,,,,21,6341,16099
,,,493,,,,,,,,,21,6352,16088
,,,494,,,,,,,,,21,6365,16076
,,,495,,,,,,,,,21,6379,16061
,,,496,,,,,,,,,21,6393,16047
,,,497,,,,,,,,,20,6407,16033
,,,498,,,,,,,,,20,6422,16018
,,,499,,,,,,,,,20,6435,16005
,,,500,,,,,,,,,20,6449,15991
,,,501,,,,,,,,,20,6463,15977
,,,502,,,,,,,,,20,6477,15963
,,,503,,,,,,,,,20,6491,15949
,,,504,,,,,,,,,20,6505,15935
,,,505,,,,,,,,,20,6520,15920
,,,506,,,,,,,,,20,6536,15904
,,,507,,,,,,,,,20,6553,15888
,,,508,,,,,,,,,20,6570,15870
,,,509,,,,,,,,,20,6591,15849
,,,510,,,,,,,,,20,6610,15830
,,,511,,,,,,,,,19,6629,15811
,,,512,,,,,,,,,19,6647,15793
,,,513,,,,,,,,,19,6664,15776
,,,514,,,,,,,,,19,6680,15760
,,,515,,,,,,,,,19,6696,15744
,,,516,,,,,,,,,19,6710,15730
,,,517,,,,,,,,,19,6723,15717
,,,518,,,,,,,,,19,6736,15705
,,,519,,,,,,,,,19,6747,15693
,,,520,,,,,,,,,19,6758,15682
,,,521,,,,,,,,,19,6769,15671
,,,522,,,,,,,,,19,6787,15653
,,,523,,,,,,,,,19,6801,15639
,,,524,,,,,,,,,19,6811,15629
,,,525,,,,,,,,,19,6822,15618
,,,526,,,,,,,,,19,6838,15602
,,,527,,,,,,,,,18,6858,15583
,,,528,,,,,,,,,18,6868,15572
,,,529,,,,,,,,,18,6880,15561
,,,530,,,,,,,,,18,6891,15549
,,,531,,,,,,,,,18,6903,15537
,,,532,,,,,,,,,18,6916,15525
,,,533,,,,,,,,,18,6927,15513
,,,534,,,,,,,,,18,6938,15502
,,,535,,,,,,,,,18,6956,15484
,,,536,,,,,,,,,18,6968,15472
,,,537,,,,,,,,,18,6979,15461
,,,538,,,,,,,,,18,6991,15449
,,,539,,,,,,,,,18,7006,15434
,,,540,,,,,,,,,18,7018,15422
,,,541,,,,,,,,,18,7030,15410
,,,542,,,,,,,,,18,7043,15397
,,,543,,,,,,,,,18,7054,15386
,,,544,,,,,,,,,17,7066,15374
,,,545,,,,,,,,,17,7083,15357
,,,546,,,,,,,,,17,7100,15340
,,,547,,,,,,,,,17,7121,15319
,,,548,,,,,,,,,17,7132,15308
,,,549,,,,,,,,,17,7143,15297
,,,550,,,,,,,,,17,7154,15286
,,,551,,,,,,,,,17,7166,15274
,,,552,,,,,,,,,17,7178,15263
,,,553,,,,,,,,,17,7190,15251
,,,554,,,,,,,,,17,7201,15239
,,,555,,,,,,,,,17,7214,15227
,,,556,,,,,,,,,17,7227,15213
,,,557,,,,,,,,,17,7240,15200
,,,558,,,,,,,,,17,7255,15185
,,,559,,,,,,,,,17,7271,15169
,,,560,,,,,,,,,16,7285,15155
,,,561,,,,,,,,,16,7299,15141
,,,562,,,,,,,,,16,7312,15128
,,,563,,,,,,,,,16,7326,15114
,,,564,,,,,,,,,16,7336,15104
,,,565,,,,,,,,,16,7350,15091
,,,566,,,,,,,,,16,7362,15078
,,,567,,,,,,,,,16,7374,15066
,,,568,,,,,,,,,16,7387,15053
,,,569,,,,,,,,,16,7403,15037
,,,570,,,,,,,,,16,7416,15024
,,,571,,,,,,,,,16,7436,15004
,,,572,,,,,,,,,16,7448,14992
,,,573,,,,,,,,,16,7460,14980
,,,574,,,,,,,,,16,7471,14969
,,,575,,,,,,,,,16,7484,14957
,,,576,,,,,,,,,16,7495,14945
,,,577,,,,,,,,,15,7507,14933
,,,578,,,,,,,,,15,7518,14922
,,,579,,,,,,,,,15,7529,14911
,,,580,,,,,,,,,15,7541,14899
,,,581,,,,,,,,,15,7556,14884
,,,582,,,,,,,,,15,7567,14873
,,,583,,,,,,,,,15,7580,14860
,,,584,,,,,,,,,15,7593,14847
,,,585,,,,,,,,,15,7608,14832
,,,586,,,,,,,,,15,7622,14818
,,,587,,,,,,,,,15,7636,14804
,,,588,,,,,,,,,15,7649,14791
,,,589,,,,,,,,,15,7660,14780
,,,590,,,,,,,,,15,7671,14769
,,,591,,,,,,,,,15,7682,14758
,,,592,,,,,,,,,15,7693,14747
,,,593,,,,,,,,,15,7704,14736
,,,594,,,,,,,,,15,7714,14726
,,,595,,,,,,,,,14,7725,14715
,,,596,,,,,,,,,14,7735,14705
,,,597,,,,,,,,,14,7746,14694
,,,598,,,,,,,,,14,7756,14684
,,,599,,,,,,,,,14,7765,14675
,,,600,,,,,,,,,14,7783,14657
,,,601,,,,,,,,,14,7804,14636
,,,602,,,,,,,,,14,7818,14622
,,,603,,,,,,,,,14,7833,14607
,,,604,,,,,,,,,14,7846,14594
,,,605,,,,,,,,,14,7856,14584
,,,606,,,,,,,,,14,7867,14573
,,,607,,,,,,,,,14,7878,14562
,,,608,,,,,,,,,14,7888,14553
,,,609,,,,,,,,,14,7899,14541
,,,610,,,,,,,,,14,7913,14528
,,,611,,,,,,,,,14,7929,14511
,,,612,,,,,,,,,13,7957,14484
,,,613,,,,,,,,,13,7967,14473
,,,614,,,,,,,,,13,7978,14462
,,,615,,,,,,,,,13,7989,14451
,,,616,,,,,,,,,13,8008,14432
,,,617,,,,,,,,,13,8025,14415
,,,618,,,,,,,,,13,8041,14399
,,,619,,,,,,,,,13,8059,14381
,,,620,,,,,,,,,13,8079,14362
,,,621,,,,,,,,,13,8101,14340
,,,622,,,,,,,,,13,8122,14318
,,,623,,,,,,,,,13,8142,14298
,,,624,,,,,,,,,13,8157,14283
,,,625,,,,,,,,,12,8171,14269
,,,626,,,,,,,,,12,8186,14254
,,,627,,,,,,,,,12,8200,14240
,,,628,,,,,,,,,12,8212,14228
,,,629,,,,,,,,,12,8225,14215
,,,630,,,,,,,,,12,8238,14202
,,,631,,,,,,,,,12,8251,14189
,,,632,,,,,,,,,12,8261,14179
,,,633,,,,,,,,,12,8273,14168
,,,634,,,,,,,,,12,8282,14158
,,,635,,,,,,,,,12,8295,14145
,,,636,,,,,,,,,12,8306,14134
,,,637,,,,,,,,,12,8320,14120
,,,638,,,,,,,,,12,8332,14108
,,,639,,,,,,,,,12,8343,14097
,,,640,,,,,,,,,12,8352,14088
,,,641,,,,,,,,,12,8362,14078
,,,642,,,,,,,,,12,8379,14062
,,,643,,,,,,,,,11,8414,14026
,,,644,,,,,,,,,11,8447,13993
,,,645,,,,,,,,,11,8473,13967
,,,646,,,,,,,,,11,8508,13933
,,,647,,,,,,,,,11,8538,13902
,,,648,,,,,,,,,11,8552,13889
,,,649,,,,,,,,,11,8567,13874
,,,650,,,,,,,,,11,8579,13861
,,,651,,,,,,,,,11,8592,13848
,,,652,,,,,,,,,11,8603,13837
,,,653,,,,,,,,,10,8616,13824
,,,654,,,,,,,,,10,8627,13814
,,,655,,,,,,,,,10,8639,13801
,,,656,,,,,,,,,10,8665,13775
,,,657,,,,,,,,,10,8677,13763
,,,658,,,,,,,,,10,8688,13753
,,,659,,,,,,,,,10,8703,13737
,,,660,,,,,,,,,10,8723,13717
,,,661,,,,,,,,,10,8742,13698
,,,662,,,,,,,,,10,8756,13684
,,,663,,,,,,,,,10,8768,13672
,,,664,,,,,,,,,10,8777,13663
,,,665,,,,,,,,,10,8784,13656
,,,666,,,,,,,,,10,8797,13643
,,,667,,,,,,,,,10,8809,13631
,,,668,,,,,,,,,10,8825,13615
,,,669,,,,,,,,,9,8835,13605
,,,670,,,,,,,,,9,8846,13595
,,,671,,,,,,,,,9,8857,13583
,,,672,,,,,,,,,9,8867,13573
,,,673,,,,,,,,,9,8883,13558
,,,674,,,,,,,,,9,8898,13542
,,,675,,,,,,,,,9,8909,13532
,,,676,,,,,,,,,9,8919,13521
,,,677,,,,,,,,,9,8930,13510
,,,678,,,,,,,,,9,8941,13499
,,,679,,,,,,,,,9,8953,13487
,,,680,,,,,,,,,9,8965,13475
,,,681,,,,,,,,,9,8977,13463
,,,682,,,,,,,,,9,8989,13452
,,,683,,,,,,,,,9,9001,13439
,,,684,,,,,,,,,9,9013,13427
,,,685,,,,,,,,,9,9025,13415
,,,686,,,,,,,,,9,9038,13402
,,,687,,,,,,,,,8,9049,13392
,,,688,,,,,,,,,8,9060,13380
,,,689,,,,,,,,,8,9072,13368
,,,690,,,,,,,,,8,9083,13357
,,,691,,,,,,,,,8,9098,13343
,,,692,,,,,,,,,8,9111,13330
,,,693,,,,,,,,,8,9123,13317
,,,694,,,,,,,,,8,9134,13306
,,,695,,,,,,,,,8,9146,13294
,,,696,,,,,,,,,8,9158,13282
,,,697,,,,,,,,,8,9171,13269
,,,698,,,,,,,,,8,9184,13257
,,,699,,,,,,,,,8,9195,13245
,,,700,,,,,,,,,8,9209,13231
,,,701,,,,,,,,,8,9220,13220
,,,702,,,,,,,,,8,9231,13209
,,,703,,,,,,,,,8,9242,13198
,,,704,,,,,,,,,8,9254,13186
,,,705,,,,,,,,,8,9265,13175
,,,706,,,,,,,,,7,9274,13166
,,,707,,,,,,,,,7,9282,13158
,,,708,,,,,,,,,7,9297,13144
,,,709,,,,,,,,,7,9308,13133
,,,710,,,,,,,,,7,9325,13115
,,,711,,,,,,,,,7,9336,13104
,,,712,,,,,,,,,7,9349,13091
,,,713,,,,,,,,,7,9363,13078
,,,714,,,,,,,,,7,9376,13064
,,,715,,,,,,,,,7,9390,13050
,,,716,,,,,,,,,7,9405,13035
,,,717,,,,,,,,,7,9420,13020
,,,718,,,,,,,,,7,9435,13005
,,,719,,,,,,,,,7,9451,12989
,,,720,,,,,,,,,7,9466,12974
,,,721,,,,,,,,,7,9482,12958
,,,722,,,,,,,,,6,9497,12943
,,,723,,,,,,,,,6,9511,12929
,,,724,,,,,,,,,6,9526,12915
,,,725,,,,,,,,,6,9539,12901
,,,726,,,,,,,,,6,9554,12886
,,,727,,,,,,,,,6,9567,12873
,,,728,,,,,,,,,6,9581,12859
,,,729,,,,,,,,,6,9595,12845
,,,730,,,,,,,,,6,9608,12832
,,,731,,,,,,,,,6,9622,12818
,,,732,,,,,,,,,6,9636,12804
,,,733,,,,,,,,,6,9649,12791
,,,734,,,,,,,,,6,9663,12777
,,,735,,,,,,,,,6,9677,12763
,,,736,,,,,,,,,6,9691,12749
,,,737,,,,,,,,,6,9704,12736
,,,738,,,,,,,,,5,9717,12723
,,,739,,,,,,,,,5,9730,12710
,,,740,,,,,,,,,5,9743,12698
,,,741,,,,,,,,,5,9756,12684
,,,742,,,,,,,,,5,9769,12671
,,,743,,,,,,,,,5,9783,12657
,,,744,,,,,,,,,5,9797,12643
,,,745,,,,,,,,,5,9811,12629
,,,746,,,,,,,,,5,9825,12615
,,,747,,,,,,,,,5,9840,12600
,,,748,,,,,,,,,5,9852,12588
,,,749,,,,,,,,,5,9866,12574
,,,750,,,,,,,,,5,9880,12560
,,,751,,,,,,,,,5,9893,12547
,,,752,,,,,,,,,5,9906,12534
,,,753,,,,,,,,,5,9917,12523
,,,754,,,,,,,,,4,9929,12511
,,,755,,,,,,,,,4,9942,12498
,,,756,,,,,,,,,4,9958,12482
,,,757,,,,,,,,,4,9971,12469
,,,758,,,,,,,,,4,9983,12457
,,,759,,,,,,,,,4,9996,12444
,,,760,,,,,,,,,4,10008,12432
,,,761,,,,,,,,,4,10022,12419
,,,762,,,,,,,,,4,10035,12405
,,,763,,,,,,,,,4,10048,12392
,,,764,,,,,,,,,4,10061,12379
,,,765,,,,,,,,,4,10072,12368
,,,766,,,,,,,,,4,10088,12352
,,,767,,,,,,,,,4,10100,12340
,,,768,,,,,,,,,4,10113,12327
,,,769,,,,,,,,,4,10128,12312
,,,770,,,,,,,,,4,10148,12293
,,,771,,,,,,,,,3,10161,12279
,,,772,,,,,,,,,3,10179,12261
,,,773,,,,,,,,,3,10189,12251
,,,774,,,,,,,,,3,10209,12231
,,,775,,,,,,,,,3,10231,12209
,,,776,,,,,,,,,3,10241,12199
,,,777,,,,,,,,,3,10253,12187
,,,778,,,,,,,,,3,10263,12177
,,,779,,,,,,,,,3,10278,12162
,,,780,,,,,,,,,3,10288,12152
,,,781,,,,,,,,,3,10297,12143
,,,782,,,,,,,,,3,10299,12142
,,,783,,,,,,,,,3,10313,12127
,,,784,,,,,,,,,3,10326,12114
,,,785,,,,,,,,,3,10346,12094
,,,786,,,,,,,,,3,10365,12075
,,,787,,,,,,,,,2,10383,12057
,,,788,,,,,,,,,2,10395,12045
,,,789,,,,,,,,,2,10408,12032
,,,790,,,,,,,,,2,10416,12025
,,,791,,,,,,,,,2,10425,12016
,,,792,,,,,,,,,2,10437,12003
,,,793,,,,,,,,,2,10447,11993
,,,794,,,,,,,,,2,10463,11977
,,,795,,,,,,,,,2,10476,11964
,,,796,,,,,,,,,2,10491,11950
,,,797,,,,,,,,,2,10507,11933
,,,798,,,,,,,,,2,10521,11919
,,,799,,,,,,,,,2,10535,11905
,,,800,,,,,,,,,2,10553,11887
,,,801,,,,,,,,,2,10579,11861
,,,802,,,,,,,,,1,10597,11843
,,,803,,,,,,,,,1,10613,11827
,,,804,,,,,,,,,1,10634,11806
,,,805,,,,,,,,,1,10654,11787
,,,806,,,,,,,,,1,10666,11774
,,,807,,,,,,,,,1,10681,11759
,,,808,,,,,,,,,1,10698,11742
,,,809,,,,,,,,,1,10709,11731
,,,810,,,,,,,,,1,10724,11717
,,,811,,,,,,,,,1,10739,11701
,,,812,,,,,,,,,1,10754,11686
,,,813,,,,,,,,,1,10769,11671
,,,814,,,,,,,,,1,10791,11649
,,,815,,,,,,,,,1,10807,11634
,,,816,,,,,,,,,0,10820,11620
,,,817,,,,,,,,,0,10834,11607
,,,818,,,,,,,,,0,10846,11594
,,,819,,,,,,,,,0,10859,11581
,,,820,,,,,,,,,0,10870,11570
,,,821,,,,,,,,,0,10881,11559
,,,822,,,,,,,,,0,10893,11547
,,,823,,,,,,,,,0,10904,11536
,,,824,,,,,,,,,0,10917,11523
,,,825,,,,,,,,,0,10927,11513
,,,826,,,,,,,,,0,10938,11503
,,,827,,,,,,,,,0,10952,11488
,,,828,,,,,,,,,0,10963,11477
,,,829,,,,,,,,,0,10987,11453
,,,830,,,,,,,,,0,11003,11437
,,,831,,,,,,,,,0,11024,11417
,,,832,,,,,,,,,0,11045,11395
,,,833,,,,,,,,,0,11057,11383
,,,834,,,,,,,,,0,11069,11371
,,,835,,,,,,,,,0,11081,11359
,,,836,,,,,,,,,0,11093,11347
,,,837,,,,,,,,,0,11105,11335
,,,838,,,,,,,,,0,11118,11322
,,,839,,,,,,,,,0,11131,11309
,,,840,,,,,,,,,0,11144,11296
,,,841,,,,,,,,,0,11157,11283
,,,842,,,,,,,,,0,11172,11268
,,,843,,,,,,,,,0,11186,11254
,,,844,,,,,,,,,0,11200,11240
,,,845,,,,,,,,,0,11214,11226
,,,846,,,,,,,,,0,11227,11213
,,,847,,,,,,,,,0,11241,11199
,,,848,,,,,,,,,-1,11254,11186
,,,849,,,,,,,,,-1,11266,11174
,,,850,,,,,,,,,-1,11278,11163
,,,851,,,,,,,,,-1,11289,11151
,,,852,,,,,,,,,-1,11300,11140
,,,853,,,,,,,,,-1,11311,11129
,,,854,,,,,,,,,-1,11323,11117
,,,855,,,,,,,,,-1,11337,11103
,,,856,,,,,,,,,-1,11349,11091
,,,857,,,,,,,,,-1,11361,11079
,,,858,,,,,,,,,-1,11373,11067
,,,859,,,,,,,,,-1,11383,11057
,,,860,,,,,,,,,-1,11394,11046
,,,861,,,,,,,,,-1,11405,11036
,,,862,,,,,,,,,-1,11416,11024
,,,863,,,,,,,,,-1,11428,11012
,,,864,,,,,,,,,-1,11439,11001
,,,865,,,,,,,,,-1,11450,10990
,,,866,,,,,,,,,-1,11461,10980
,,,867,,,,,,,,,-1,11471,10969
,,,868,,,,,,,,,-2,11482,10958
,,,869,,,,,,,,,-2,11493,10947
,,,870,,,,,,,,,-2,11506,10934
,,,871,,,,,,,,,-2,11524,10916
,,,872,,,,,,,,,-2,11539,10901
,,,873,,,,,,,,,-2,11554,10886
,,,874,,,,,,,,,-2,11569,10871
,,,875,,,,,,,,,-2,11583,10857
,,,876,,,,,,,,,-2,11597,10843
,,,877,,,,,,,,,-2,11610,10830
,,,878,,,,,,,,,-2,11624,10816
,,,879,,,,,,,,,-2,11638,10803
,,,880,,,,,,,,,-2,11652,10788
,,,881,,,,,,,,,-2,11665,10775
,,,882,,,,,,,,,-2,11678,10762
,,,883,,,,,,,,,-2,11691,10749
,,,884,,,,,,,,,-3,11704,10736
,,,885,,,,,,,,,-3,11716,10724
,,,886,,,,,,,,,-3,11728,10712
,,,887,,,,,,,,,-3,11739,10701
,,,888,,,,,,,,,-3,11751,10689
,,,889,,,,,,,,,-3,11762,10678
,,,890,,,,,,,,,-3,11774,10666
,,,891,,,,,,,,,-3,11785,10655
,,,892,,,,,,,,,-3,11796,10644
,,,893,,,,,,,,,-3,11808,10632
,,,894,,,,,,,,,-3,11819,10621
,,,895,,,,,,,,,-3,11831,10609
,,,896,,,,,,,,,-3,11843,10597
,,,897,,,,,,,,,-3,11854,10586
,,,898,,,,,,,,,-3,11872,10568
,,,899,,,,,,,,,-3,11885,10555
,,,900,,,,,,,,,-3,11895,10545
,,,901,,,,,,,,,-3,11907,10534
,,,902,,,,,,,,,-4,11922,10518
,,,903,,,,,,,,,-4,11933,10508
,,,904,,,,,,,,,-4,11944,10496
,,,905,,,,,,,,,-4,11959,10481
,,,906,,,,,,,,,-4,11977,10463
,,,907,,,,,,,,,-4,11996,10444
,,,908,,,,,,,,,-4,12016,10424
,,,909,,,,,,,,,-4,12037,10404
,,,910,,,,,,,,,-4,12048,10392
,,,911,,,,,,,,,-4,12059,10381
,,,912,,,,,,,,,-4,12069,10371
,,,913,,,,,,,,,-4,12080,10360
,,,914,,,,,,,,,-4,12091,10349
,,,915,,,,,,,,,-4,12102,10338
,,,916,,,,,,,,,-4,12114,10326
,,,917,,,,,,,,,-4,12125,10315
,,,918,,,,,,,,,-5,12136,10304
,,,919,,,,,,,,,-5,12147,10293
,,,920,,,,,,,,,-5,12165,10276
,,,921,,,,,,,,,-5,12182,10259
,,,922,,,,,,,,,-5,12198,10242
,,,923,,,,,,,,,-5,12207,10233
,,,924,,,,,,,,,-5,12216,10224
,,,925,,,,,,,,,-5,12226,10214
,,,926,,,,,,,,,-5,12237,10203
,,,927,,,,,,,,,-5,12248,10192
,,,928,,,,,,,,,-5,12260,10181
,,,929,,,,,,,,,-5,12270,10170
,,,930,,,,,,,,,-5,12281,10159
,,,931,,,,,,,,,-5,12298,10142
,,,932,,,,,,,,,-5,12314,10126
,,,933,,,,,,,,,-5,12329,10112
,,,934,,,,,,,,,-5,12345,10095
,,,935,,,,,,,,,-6,12364,10076
,,,936,,,,,,,,,-6,12384,10056
,,,937,,,,,,,,,-6,12404,10036
,,,938,,,,,,,,,-6,12422,10019
,,,939,,,,,,,,,-6,12434,10006
,,,940,,,,,,,,,-6,12445,9995
,,,941,,,,,,,,,-6,12457,9983
,,,942,,,,,,,,,-6,12468,9972
,,,943,,,,,,,,,-6,12481,9959
,,,944,,,,,,,,,-6,12503,9937
,,,945,,,,,,,,,-6,12517,9924
,,,946,,,,,,,,,-6,12529,9911
,,,947,,,,,,,,,-6,12541,9899
,,,948,,,,,,,,,-6,12553,9887
,,,949,,,,,,,,,-6,12566,9874
,,,950,,,,,,,,,-7,12579,9862
,,,951,,,,,,,,,-7,12591,9849
,,,952,,,,,,,,,-7,12604,9836
,,,953,,,,,,,,,-7,12618,9822
,,,954,,,,,,,,,-7,12631,9809
,,,955,,,,,,,,,-7,12645,9795
,,,956,,,,,,,,,-7,12658,9782
,,,957,,,,,,,,,-7,12671,9769
,,,958,,,,,,,,,-7,12684,9756
,,,959,,,,,,,,,-7,12697,9744
,,,960,,,,,,,,,-7,12709,9731
,,,961,,,,,,,,,-7,12723,9717
,,,962,,,,,,,,,-7,12745,9695
,,,963,,,,,,,,,-7,12757,9683
,,,964,,,,,,,,,-7,12768,9672
,,,965,,,,,,,,,-7,12779,9661
,,,966,,,,,,,,,-7,12791,9650
,,,967,,,,,,,,,-8,12802,9638
,,,968,,,,,,,,,-8,12813,9627
,,,969,,,,,,,,,-8,12825,9615
,,,970,,,,,,,,,-8,12836,9604
,,,971,,,,,,,,,-8,12849,9592
,,,972,,,,,,,,,-8,12861,9579
,,,973,,,,,,,,,-8,12873,9567
,,,974,,,,,,,,,-8,12886,9555
,,,975,,,,,,,,,-8,12898,9542
,,,976,,,,,,,,,-8,12911,9530
,,,977,,,,,,,,,-8,12923,9517
,,,978,,,,,,,,,-8,12935,9506
,,,979,,,,,,,,,-8,12946,9494
,,,980,,,,,,,,,-8,12958,9482
,,,981,,,,,,,,,-8,12969,9471
,,,982,,,,,,,,,-8,12980,9461
,,,983,,,,,,,,,-8,12991,9449
,,,984,,,,,,,,,-8,13003,9437
,,,985,,,,,,,,,-8,13017,9423
,,,986,,,,,,,,,-9,13030,9410
,,,987,,,,,,,,,-9,13044,9396
,,,988,,,,,,,,,-9,13057,9383
,,,989,,,,,,,,,-9,13071,9369
,,,990,,,,,,,,,-9,13084,9357
,,,991,,,,,,,,,-9,13096,9345
,,,992,,,,,,,,,-9,13108,9333
,,,993,,,,,,,,,-9,13119,9321
,,,994,,,,,,,,,-9,13130,9311
,,,995,,,,,,,,,-9,13141,9299
,,,996,,,,,,,,,-9,13152,9288
,,,997,,,,,,,,,-9,13164,9276
,,,998,,,,,,,,,-9,13176,9265
,,,999,,,,,,,,,-9,13186,9254
,,,1000,,,,,,,,,-9,13196,9244
,,,1001,,,,,,,,,-9,13207,9233
,,,1002,,,,,,,,,-9,13217,9223
9,1,1003,4415,22.0,running,5835127,446002,-3072,-1706,-220.6,-10,13238,9202,1891
9,1,1002,4425,8.6,running,5835123,446022,-3077,-1686,-2.0,0,13217,9223,1965
9,1,2,4435,22.2,running,5836354,448326,-1845,617,-1320.3,10,13,22427,1864
9,1,0,4475,18.8,running,5836375,448342,-1825,633,-0.3,50,0,22441,1699
9,1,1,4864,36.8,running,5836366,448334,-1834,625,0.0,439,0,22441,2223
9,1,0,4874,17.6,running,5836375,448342,-1825,633,0.0,449,0,22441,2441
9,1,1,4894,25.2,running,5836366,448334,-1834,625,0.0,469,0,22441,2350
9,1,2,4904,23.6,running,5836354,448326,-1845,617,1.3,479,13,22427,2329
,,,3,,,,,,,,,479,25,22415
,,,4,,,,,,,,,479,40,22400
,,,5,,,,,,,,,479,61,22379
,,,6,,,,,,,,,479,73,22367
,,,7,,,,,,,,,479,85,22355
,,,8,,,,,,,,,479,97,22343
,,,9,,,,,,,,,479,110,22330
,,,10,,,,,,,,,479,123,22317
,,,11,,,,,,,,,479,135,22305
,,,12,,,,,,,,,479,148,22292
,,,13,,,,,,,,,479,160,22280
,,,14,,,,,,,,,479,172,22268
,,,15,,,,,,,,,479,184,22257
,,,16,,,,,,,,,479,195,22245
,,,17,,,,,,,,,479,206,22234
,,,18,,,,,,,,,479,218,22222
,,,19,,,,,,,,,479,231,22209
,,,20,,,,,,,,,479,243,22197
,,,21,,,,,,,,,479,254,22186
,,,22,,,,,,,,,479,265,22175
,,,23,,,,,,,,,479,276,22164
,,,24,,,,,,,,,479,287,22153
,,,25,,,,,,,,,479,299,22141
,,,26,,,,,,,,,479,310,22130
,,,27,,,,,,,,,479,323,22118
,,,28,,,,,,,,,479,335,22105
,,,29,,,,,,,,,479,349,22092
,,,30,,,,,,,,,479,362,22078
,,,31,,,,,,,,,479,375,22065
,,,32,,,,,,,,,479,389,22052
,,,33,,,,,,,,,479,402,22039
,,,34,,,,,,,,,479,414,22026
,,,35,,,,,,,,,479,425,22015
,,,36,,,,,,,,,479,436,22004
,,,37,,,,,,,,,479,447,21993
,,,38,,,,,,,,,479,458,21982
,,,39,,,,,,,,,479,472,21969
,,,40,,,,,,,,,479,485,21955
,,,41,,,,,,,,,479,498,21942
,,,42,,,,,,,,,479,510,21930
,,,43,,,,,,,,,479,523,21917
,,,44,,,,,,,,,479,536,21904
,,,45,,,,,,,,,479,548,21892
,,,46,,,,,,,,,479,561,21879
,,,47,,,,,,,,,479,573,21867
,,,48,,,,,,,,,479,585,21855
,,,49,,,,,,,,,479,597,21843
,,,50,,,,,,,,,479,609,21831
,,,51,,,,,,,,,479,620,21820
,,,52,,,,,,,,,479,632,21808
,,,53,,,,,,,,,479,643,21797
,,,54,,,,,,,,,479,654,21786
,,,55,,,,,,,,,479,665,21775
,,,56,,,,,,,,,480,676,21764
,,,57,,,,,,,,,480,686,21755
,,,58,,,,,,,,,480,699,21742
,,,59,,,,,,,,,480,711,21730
,,,60,,,,,,,,,480,723,21717
,,,61,,,,,,,,,480,735,21705
,,,62,,,,,,,,,480,747,21693
,,,63,,,,,,,,,480,759,21681
,,,64,,,,,,,,,480,770,21670
,,,65,,,,,,,,,480,782,21658
,,,66,,,,,,,,,480,794,21646
,,,67,,,,,,,,,480,807,21634
,,,68,,,,,,,,,480,819,21621
,,,69,,,,,,,,,480,831,21609
,,,70,,,,,,,,,480,843,21597
,,,71,,,,,,,,,480,856,21585
,,,72,,,,,,,,,480,868,21572
,,,73,,,,,,,,,480,880,21560
,,,74,,,,,,,,,480,893,21548
,,,75,,,,,,,,,480,905,21535
,,,76,,,,,,,,,480,917,21523
,,,77,,,,,,,,,480,930,21510
,,,78,,,,,,,,,480,943,21498
,,,79,,,,,,,,,480,955,21485
,,,80,,,,,,,,,480,968,21472
,,,81,,,,,,,,,480,980,21460
,,,82,,,,,,,,,480,992,21448
,,,83,,,,,,,,,480,1003,21437
,,,84,,,,,,,,,480,1013,21427
,,,85,,,,,,,,,480,1032,21409
,,,86,,,,,,,,,480,1050,21390
,,,87,,,,,,,,,480,1060,21380
,,,88,,,,,,,,,480,1071,21369
,,,89,,,,,,,,,480,1082,21358
,,,90,,,,,,,,,480,1096,21344
,,,91,,,,,,,,,480,1111,21330
,,,92,,,,,,,,,480,1124,21316
,,,93,,,,,,,,,480,1139,21301
,,,94,,,,,,,,,480,1154,21287
,,,95,,,,,,,,,480,1168,21272
,,,96,,,,,,,,,480,1182,21258
,,,97,,,,,,,,,480,1196,21244
,,,98,,,,,,,,,480,1210,21230
,,,99,,,,,,,,,480,1224,21216
,,,100,,,,,,,,,480,1238,21203
,,,101,,,,,,,,,480,1251,21189
,,,102,,,,,,,,,480,1265,21175
,,,103,,,,,,,,,480,1278,21162
,,,104,,,,,,,,,480,1291,21149
,,,105,,,,,,,,,480,1305,21135
,,,106,,,,,,,,,480,1319,21121
,,,107,,,,,,,,,480,1331,21109
,,,108,,,,,,,,,481,1344,21096
,,,109,,,,,,,,,481,1356,21084
,,,110,,,,,,,,,481,1367,21073
,,,111,,,,,,,,,481,1379,21061
,,,112,,,,,,,,,481,1390,21050
,,,113,,,,,,,,,481,1401,21039
,,,114,,,,,,,,,481,1420,21020
,,,115,,,,,,,,,481,1431,21009
,,,116,,,,,,,,,481,1437,21004
,,,117,,,,,,,,,481,1452,20988
,,,118,,,,,,,,,481,1470,20970
,,,119,,,,,,,,,481,1481,20959
,,,120,,,,,,,,,481,1494,20946
,,,121,,,,,,,,,481,1507,20933
,,,122,,,,,,,,,481,1521,20919
,,,123,,,,,,,,,481,1534,20906
,,,124,,,,,,,,,481,1548,20892
,,,125,,,,,,,,,481,1562,20878
,,,126,,,,,,,,,481,1575,20865
,,,127,,,,,,,,,481,1589,20851
,,,128,,,,,,,,,481,1602,20838
,,,129,,,,,,,,,481,1615,20826
,,,130,,,,,,,,,481,1627,20813
,,,131,,,,,,,,,481,1639,20801
,,,132,,,,,,,,,481,1650,20790
,,,133,,,,,,,,,481,1661,20779
,,,134,,,,,,,,,481,1672,20769
,,,135,,,,,,,,,481,1690,20750
,,,136,,,,,,,,,481,1710,20731
,,,137,,,,,,,,,481,1720,20720
,,,138,,,,,,,,,481,1731,20709
,,,139,,,,,,,,,481,1742,20698
,,,140,,,,,,,,,481,1755,20685
,,,141,,,,,,,,,481,1769,20671
,,,142,,,,,,,,,481,1783,20657
,,,143,,,,,,,,,481,1797,20643
,,,144,,,,,,,,,481,1811,20629
,,,145,,,,,,,,,481,1824,20616
,,,146,,,,,,,,,481,1836,20604
,,,147,,,,,,,,,481,1848,20592
,,,148,,,,,,,,,481,1859,20581
,,,149,,,,,,,,,481,1870,20570
,,,150,,,,,,,,,481,1880,20560
,,,151,,,,,,,,,481,1894,20547
,,,152,,,,,,,,,481,1907,20534
,,,153,,,,,,,,,481,1917,20523
,,,154,,,,,,,,,481,1930,20510
,,,155,,,,,,,,,481,1944,20496
,,,156,,,,,,,,,481,1955,20485
,,,157,,,,,,,,,481,1967,20473
,,,158,,,,,,,,,481,1976,20465
,,,159,,,,,,,,,481,1981,20459
,,,160,,,,,,,,,481,1993,20447
,,,161,,,,,,,,,482,2006,20435
,,,162,,,,,,,,,482,2021,20419
,,,163,,,,,,,,,482,2039,20401
,,,164,,,,,,,,,482,2055,20386
,,,165,,,,,,,,,482,2073,20367
,,,166,,,,,,,,,482,2090,20350
,,,167,,,,,,,,,482,2104,20337
,,,168,,,,,,,,,482,2120,20321
,,,169,,,,,,,,,482,2131,20309
,,,170,,,,,,,,,482,2143,20297
,,,171,,,,,,,,,482,2154,20286
,,,172,,,,,,,,,482,2166,20274
,,,173,,,,,,,,,482,2178,20262
,,,174,,,,,,,,,482,2190,20250
,,,175,,,,,,,,,482,2203,20237
,,,176,,,,,,,,,482,2216,20224
,,,177,,,,,,,,,482,2230,20211
,,,178,,,,,,,,,482,2243,20197
,,,179,,,,,,,,,482,2257,20183
,,,180,,,,,,,,,482,2270,20170
,,,181,,,,,,,,,482,2283,20158
,,,182,,,,,,,,,482,2295,20145
,,,183,,,,,,,,,482,2307,20133
,,,184,,,,,,,,,482,2318,20122
,,,185,,,,,,,,,482,2330,20110
,,,186,,,,,,,,,482,2342,20098
,,,187,,,,,,,,,482,2354,20087
,,,188,,,,,,,,,482,2366,20074
,,,189,,,,,,,,,482,2379,20062
,,,190,,,,,,,,,482,2392,20048
,,,191,,,,,,,,,482,2404,20036
,,,192,,,,,,,,,482,2416,20024
,,,193,,,,,,,,,482,2429,20011
,,,194,,,,,,,,,482,2442,19998
,,,195,,,,,,,,,482,2454,19986
,,,196,,,,,,,,,482,2466,19974
,,,197,,,,,,,,,482,2478,19962
,,,198,,,,,,,,,482,2489,19951
,,,199,,,,,,,,,482,2508,19932
,,,200,,,,,,,,,482,2525,19915
,,,201,,,,,,,,,482,2546,19894
,,,202,,,,,,,,,482,2556,19884
,,,203,,,,,,,,,482,2567,19874
,,,204,,,,,,,,,482,2585,19855
,,,205,,,,,,,,,482,2603,19837
,,,206,,,,,,,,,482,2621,19819
,,,207,,,,,,,,,482,2633,19807
,,,208,,,,,,,,,482,2645,19795
,,,209,,,,,,,,,482,2658,19783
,,,210,,,,,,,,,483,2671,19770
,,,211,,,,,,,,,483,2683,19757
,,,212,,,,,,,,,483,2695,19745
,,,213,,,,,,,,,483,2708,19732
,,,214,,,,,,,,,483,2720,19720
,,,215,,,,,,,,,483,2731,19709
,,,216,,,,,,,,,483,2743,19697
,,,217,,,,,,,,,483,2755,19686
,,,218,,,,,,,,,483,2766,19674
,,,219,,,,,,,,,483,2778,19662
,,,220,,,,,,,,,483,2790,19650
,,,221,,,,,,,,,483,2802,19639
,,,222,,,,,,,,,483,2813,19627
,,,223,,,,,,,,,483,2825,19615
,,,224,,,,,,,,,483,2838,19602
,,,225,,,,,,,,,483,2851,19590
,,,226,,,,,,,,,483,2863,19577
,,,227,,,,,,,,,483,2876,19564
,,,228,,,,,,,,,483,2889,19551
,,,229,,,,,,,,,483,2902,19538
,,,230,,,,,,,,,483,2917,19523
,,,231,,,,,,,,,483,2931,19509
,,,232,,,,,,,,,483,2945,19495
,,,233,,,,,,,,,483,2958,19482
,,,234,,,,,,,,,483,2972,19468
,,,235,,,,,,,,,483,2985,19455
,,,236,,,,,,,,,483,2997,19443
,,,237,,,,,,,,,483,3009,19431
,,,238,,,,,,,,,483,3021,19419
,,,239,,,,,,,,,483,3033,19407
,,,240,,,,,,,,,483,3046,19394
,,,241,,,,,,,,,483,3059,19381
,,,242,,,,,,,,,483,3072,19368
,,,243,,,,,,,,,483,3085,19355
,,,244,,,,,,,,,483,3098,19342
,,,245,,,,,,,,,483,3110,19330
,,,246,,,,,,,,,483,3122,19318
,,,247,,,,,,,,,483,3135,19305
,,,248,,,,,,,,,483,3147,19293
,,,249,,,,,,,,,483,3158,19282
,,,250,,,,,,,,,483,3168,19272
,,,251,,,,,,,,,483,3180,19261
,,,252,,,,,,,,,483,3191,19249
,,,253,,,,,,,,,483,3204,19237
,,,254,,,,,,,,,483,3216,19225
,,,255,,,,,,,,,483,3229,19211
,,,256,,,,,,,,,483,3242,19198
,,,257,,,,,,,,,483,3254,19186
,,,258,,,,,,,,,483,3265,19175
,,,259,,,,,,,,,483,3276,19164
,,,260,,,,,,,,,483,3293,19147
,,,261,,,,,,,,,483,3305,19136
,,,262,,,,,,,,,483,3317,19123
,,,263,,,,,,,,,483,3319,19122
,,,264,,,,,,,,,484,3330,19110
,,,265,,,,,,,,,484,3349,19091
,,,266,,,,,,,,,484,3360,19080
,,,267,,,,,,,,,484,3372,19068
,,,268,,,,,,,,,484,3385,19055
,,,269,,,,,,,,,484,3397,19043
,,,270,,,,,,,,,484,3411,19030
,,,271,,,,,,,,,484,3424,19016
,,,272,,,,,,,,,484,3437,19003
,,,273,,,,,,,,,484,3450,18990
,,,274,,,,,,,,,484,3462,18978
,,,275,,,,,,,,,484,3474,18966
,,,276,,,,,,,,,484,3486,18954
,,,277,,,,,,,,,484,3500,18940
,,,278,,,,,,,,,484,3514,18926
,,,279,,,,,,,,,484,3527,18913
,,,280,,,,,,,,,484,3540,18900
,,,281,,,,,,,,,484,3552,18888
,,,282,,,,,,,,,484,3565,18876
,,,283,,,,,,,,,484,3578,18863
,,,284,,,,,,,,,484,3591,18849
,,,285,,,,,,,,,484,3606,18834
,,,286,,,,,,,,,484,3621,18820
,,,287,,,,,,,,,484,3635,18805
,,,288,,,,,,,,,484,3650,18790
,,,289,,,,,,,,,484,3664,18776
,,,290,,,,,,,,,484,3678,18762
,,,291,,,,,,,,,484,3693,18747
,,,292,,,,,,,,,484,3707,18733
,,,293,,,,,,,,,484,3721,18719
,,,294,,,,,,,,,484,3735,18705
,,,295,,,,,,,,,484,3749,18691
,,,296,,,,,,,,,484,3763,18677
,,,297,,,,,,,,,484,3777,18663
,,,298,,,,,,,,,484,3791,18649
,,,299,,,,,,,,,484,3803,18637
,,,300,,,,,,,,,484,3815,18625
,,,301,,,,,,,,,484,3826,18615
,,,302,,,,,,,,,484,3842,18598
,,,303,,,,,,,,,484,3852,18588
,,,304,,,,,,,,,484,3866,18574
,,,305,,,,,,,,,484,3883,18557
,,,306,,,,,,,,,484,3895,18545
,,,307,,,,,,,,,484,3908,18533
,,,308,,,,,,,,,484,3922,18518
,,,309,,,,,,,,,484,3936,18504
,,,310,,,,,,,,,484,3951,18489
,,,311,,,,,,,,,484,3966,18474
,,,312,,,,,,,,,485,3981,18459
,,,313,,,,,,,,,485,3995,18445
,,,314,,,,,,,,,485,4009,18432
,,,315,,,,,,,,,485,4022,18418
,,,316,,,,,,,,,485,4034,18406
,,,317,,,,,,,,,485,4045,18395
,,,318,,,,,,,,,485,4061,18379
,,,319,,,,,,,,,485,4072,18368
,,,320,,,,,,,,,485,4083,18357
,,,321,,,,,,,,,485,4096,18344
,,,322,,,,,,,,,485,4108,18332
,,,323,,,,,,,,,485,4119,18321
,,,324,,,,,,,,,485,4134,18307
,,,325,,,,,,,,,485,4150,18291
,,,326,,,,,,,,,485,4165,18276
,,,327,,,,,,,,,485,4179,18261
,,,328,,,,,,,,,485,4192,18248
,,,329,,,,,,,,,485,4206,18235
,,,330,,,,,,,,,485,4219,18221
,,,331,,,,,,,,,485,4233,18207
,,,332,,,,,,,,,485,4247,18193
,,,333,,,,,,,,,485,4261,18179
,,,334,,,,,,,,,485,4274,18166
,,,335,,,,,,,,,485,4287,18153
,,,336,,,,,,,,,485,4300,18140
,,,337,,,,,,,,,485,4313,18127
,,,338,,,,,,,,,485,4326,18115
,,,339,,,,,,,,,485,4339,18101
,,,340,,,,,,,,,485,4351,18089
,,,341,,,,,,,,,485,4363,18077
,,,342,,,,,,,,,485,4374,18066
,,,343,,,,,,,,,485,4385,18055
,,,344,,,,,,,,,485,4395,18045
,,,345,,,,,,,,,485,4407,18034
,,,346,,,,,,,,,485,4427,18013
,,,347,,,,,,,,,485,4442,17998
,,,348,,,,,,,,,485,4451,17989
,,,349,,,,,,,,,485,4468,17973
,,,350,,,,,,,,,485,4486,17954
,,,351,,,,,,,,,485,4498,17942
,,,352,,,,,,,,,485,4510,17931
,,,353,,,,,,,,,485,4521,17919
,,,354,,,,,,,,,485,4531,17909
,,,355,,,,,,,,,485,4552,17889
,,,356,,,,,,,,,485,4571,17870
,,,357,,,,,,,,,485,4591,17849
,,,358,,,,,,,,,485,4601,17839
,,,359,,,,,,,,,485,4611,17829
,,,360,,,,,,,,,485,4622,17818
,,,361,,,,,,,,,485,4632,17808
,,,362,,,,,,,,,486,4642,17798
,,,363,,,,,,,,,486,4663,17777
,,,364,,,,,,,,,486,4675,17765
,,,365,,,,,,,,,486,4688,17753
,,,366,,,,,,,,,486,4700,17740
,,,367,,,,,,,,,486,4713,17728
,,,368,,,,,,,,,486,4726,17714
,,,369,,,,,,,,,486,4738,17702
,,,370,,,,,,,,,486,4752,17688
,,,371,,,,,,,,,486,4765,17675
,,,372,,,,,,,,,486,4779,17662
,,,373,,,,,,,,,486,4792,17648
,,,374,,,,,,,,,486,4804,17636
,,,375,,,,,,,,,486,4817,17623
,,,376,,,,,,,,,486,4830,17611
,,,377,,,,,,,,,486,4841,17600
,,,378,,,,,,,,,486,4851,17589
,,,379,,,,,,,,,486,4862,17578
,,,380,,,,,,,,,486,4872,17568
,,,381,,,,,,,,,486,4884,17556
,,,382,,,,,,,,,486,4897,17543
,,,383,,,,,,,,,486,4910,17530
,,,384,,,,,,,,,486,4923,17517
,,,385,,,,,,,,,486,4935,17505
,,,386,,,,,,,,,486,4947,17493
,,,387,,,,,,,,,486,4959,17481
,,,388,,,,,,,,,486,4970,17470
,,,389,,,,,,,,,486,4980,17460
,,,390,,,,,,,,,486,4993,17447
,,,391,,,,,,,,,486,5007,17433
,,,392,,,,,,,,,486,5018,17422
,,,393,,,,,,,,,486,5039,17401
,,,394,,,,,,,,,486,5051,17389
,,,395,,,,,,,,,486,5071,17369
,,,396,,,,,,,,,486,5088,17352
,,,397,,,,,,,,,486,5104,17336
,,,398,,,,,,,,,486,5120,17320
,,,399,,,,,,,,,486,5135,17306
,,,400,,,,,,,,,486,5149,17291
,,,401,,,,,,,,,486,5164,17277
,,,402,,,,,,,,,486,5177,17263
,,,403,,,,,,,,,486,5191,17249
,,,404,,,,,,,,,486,5204,17236
,,,405,,,,,,,,,486,5217,17223
,,,406,,,,,,,,,486,5231,17210
,,,407,,,,,,,,,486,5244,17196
,,,408,,,,,,,,,486,5258,17183
,,,409,,,,,,,,,486,5272,17168
,,,410,,,,,,,,,486,5286,17154
,,,411,,,,,,,,,486,5300,17140
,,,412,,,,,,,,,487,5314,17126
,,,413,,,,,,,,,487,5328,17112
,,,414,,,,,,,,,487,5343,17097
,,,415,,,,,,,,,487,5358,17082
,,,416,,,,,,,,,487,5372,17068
,,,417,,,,,,,,,487,5385,17055
,,,418,,,,,,,,,487,5398,17042
,,,419,,,,,,,,,487,5411,17029
,,,420,,,,,,,,,487,5423,17017
,,,421,,,,,,,,,487,5435,17005
,,,422,,,,,,,,,487,5447,16993
,,,423,,,,,,,,,487,5459,16981
,,,424,,,,,,,,,487,5471,16969
,,,425,,,,,,,,,487,5482,16958
,,,426,,,,,,,,,487,5493,16947
,,,427,,,,,,,,,487,5504,16936
,,,428,,,,,,,,,487,5516,16924
,,,429,,,,,,,,,487,5528,16912
,,,430,,,,,,,,,487,5540,16900
,,,431,,,,,,,,,487,5553,16887
,,,432,,,,,,,,,487,5565,16875
,,,433,,,,,,,,,487,5577,16863
,,,434,,,,,,,,,487,5589,16851
,,,435,,,,,,,,,487,5601,16839
,,,436,,,,,,,,,487,5613,16828
,,,437,,,,,,,,,487,5624,16816
,,,438,,,,,,,,,487,5636,16804
,,,439,,,,,,,,,487,5648,16792
,,,440,,,,,,,,,487,5660,16780
,,,441,,,,,,,,,487,5673,16767
,,,442,,,,,,,,,487,5685,16755
,,,443,,,,,,,,,487,5697,16743
,,,444,,,,,,,,,487,5709,16731
,,,445,,,,,,,,,487,5721,16720
,,,446,,,,,,,,,487,5733,16707
,,,447,,,,,,,,,487,5745,16695
,,,448,,,,,,,,,487,5757,16683
,,,449,,,,,,,,,487,5769,16671
,,,450,,,,,,,,,487,5782,16659
,,,451,,,,,,,,,487,5795,16645
,,,452,,,,,,,,,487,5808,16633
,,,453,,,,,,,,,487,5821,16619
,,,454,,,,,,,,,487,5834,16606
,,,455,,,,,,,,,487,5847,16593
,,,456,,,,,,,,,487,5860,16580
,,,457,,,,,,,,,487,5873,16567
,,,458,,,,,,,,,487,5886,16554
,,,459,,,,,,,,,487,5899,16542
,,,460,,,,,,,,,487,5911,16529
,,,461,,,,,,,,,487,5924,16516
,,,462,,,,,,,,,487,5935,16505
,,,463,,,,,,,,,487,5948,16492
,,,464,,,,,,,,,487,5960,16480
,,,465,,,,,,,,,488,5974,16466
,,,466,,,,,,,,,488,5987,16453
,,,467,,,,,,,,,488,6001,16439
,,,468,,,,,,,,,488,6014,16426
,,,469,,,,,,,,,488,6027,16413
,,,470,,,,,,,,,488,6041,16400
,,,471,,,,,,,,,488,6054,16386
,,,472,,,,,,,,,488,6067,16373
,,,473,,,,,,,,,488,6082,16359
,,,474,,,,,,,,,488,6096,16345
,,,475,,,,,,,,,488,6110,16330
,,,476,,,,,,,,,488,6124,16316
,,,477,,,,,,,,,488,6139,16301
,,,478,,,,,,,,,488,6153,16288
,,,479,,,,,,,,,488,6166,16274
,,,480,,,,,,,,,488,6178,16262
,,,481,,,,,,,,,488,6190,16250
,,,482,,,,,,,,,488,6201,16240
,,,483,,,,,,,,,488,6211,16229
,,,484,,,,,,,,,488,6230,16210
,,,485,,,,,,,,,488,6246,16194
,,,486,,,,,,,,,488,6256,16184
,,,487,,,,,,,,,488,6263,16177
,,,488,,,,,,,,,488,6274,16166
,,,489,,,,,,,,,488,6288,16152
,,,490,,,,,,,,,488,6303,16137
,,,491,,,,,,,,,488,6321,16119
,,,492,,,,,,,,,488,6341,16099
,,,493,,,,,,,,,488,6352,16088
,,,494,,,,,,,,,488,6365,16076
,,,495,,,,,,,,,488,6379,16061
,,,496,,,,,,,,,488,6393,16047
,,,497,,,,,,,,,488,6407,16033
,,,498,,,,,,,,,488,6422,16018
,,,499,,,,,,,,,488,6435,16005
,,,500,,,,,,,,,488,6449,15991
,,,501,,,,,,,,,488,6463,15977
,,,502,,,,,,,,,488,6477,15963
,,,503,,,,,,,,,488,6491,15949
,,,504,,,,,,,,,488,6505,15935
,,,505,,,,,,,,,488,6520,15920
,,,506,,,,,,,,,488,6536,15904
,,,507,,,,,,,,,488,6553,15888
,,,508,,,,,,,,,488,6570,15870
,,,509,,,,,,,,,488,6591,15849
,,,510,,,,,,,,,488,6610,15830
,,,511,,,,,,,,,489,6629,15811
,,,512,,,,,,,,,489,6647,15793
,,,513,,,,,,,,,489,6664,15776
,,,514,,,,,,,,,489,6680,15760
,,,515,,,,,,,,,489,6696,15744
,,,516,,,,,,,,,489,6710,15730
,,,517,,,,,,,,,489,6723,15717
,,,518,,,,,,,,,489,6736,15705
,,,519,,,,,,,,,489,6747,15693
,,,520,,,,,,,,,489,6758,15682
,,,521,,,,,,,,,489,6769,15671
,,,522,,,,,,,,,489,6787,15653
,,,523,,,,,,,,,489,6801,15639
,,,524,,,,,,,,,489,6811,15629
,,,525,,,,,,,,,489,6822,15618
,,,526,,,,,,,,,489,6838,15602
,,,527,,,,,,,,,489,6858,15583
,,,528,,,,,,,,,489,6868,15572
,,,529,,,,,,,,,489,6880,15561
,,,530,,,,,,,,,489,6891,15549
,,,531,,,,,,,,,489,6903,15537
,,,532,,,,,,,,,489,6916,15525
,,,533,,,,,,,,,489,6927,15513
,,,534,,,,,,,,,489,6938,15502
,,,535,,,,,,,,,489,6956,15484
,,,536,,,,,,,,,489,6968,15472
,,,537,,,,,,,,,489,6979,15461
,,,538,,,,,,,,,489,6991,15449
,,,539,,,,,,,,,489,7006,15434
,,,540,,,,,,,,,489,7018,15422
,,,541,,,,,,,,,489,7030,15410
,,,542,,,,,,,,,489,7043,15397
,,,543,,,,,,,,,489,7054,15386
,,,544,,,,,,,,,489,7066,15374
,,,545,,,,,,,,,489,7083,15357
,,,546,,,,,,,,,489,7100,15340
,,,547,,,,,,,,,489,7121,15319
,,,548,,,,,,,,,489,7132,15308
,,,549,,,,,,,,,489,7143,15297
,,,550,,,,,,,,,489,7154,15286
,,,551,,,,,,,,,489,7166,15274
,,,552,,,,,,,,,489,7178,15263
,,,553,,,,,,,,,489,7190,15251
,,,554,,,,,,,,,489,7201,15239
,,,555,,,,,,,,,489,7214,15227
,,,556,,,,,,,,,489,7227,15213
,,,557,,,,,,,,,489,7240,15200
,,,558,,,,,,,,,489,7255,15185
,,,559,,,,,,,,,489,7271,15169
,,,560,,,,,,,,,489,7285,15155
,,,561,,,,,,,,,490,7299,15141
,,,562,,,,,,,,,490,7312,15128
,,,563,,,,,,,,,490,7326,15114
,,,564,,,,,,,,,490,7336,15104
,,,565,,,,,,,,,490,7350,15091
,,,566,,,,,,,,,490,7362,15078
,,,567,,,,,,,,,490,7374,15066
,,,568,,,,,,,,,490,7387,15053
,,,569,,,,,,,,,490,7403,15037
,,,570,,,,,,,,,490,7416,15024
,,,571,,,,,,,,,490,7436,15004
,,,572,,,,,,,,,490,7448,14992
,,,573,,,,,,,,,490,7460,14980
,,,574,,,,,,,,,490,7471,14969
,,,575,,,,,,,,,490,7484,14957
,,,576,,,,,,,,,490,7495,14945
,,,577,,,,,,,,,490,7507,14933
,,,578,,,,,,,,,490,7518,14922
,,,579,,,,,,,,,490,7529,14911
,,,580,,,,,,,,,490,7541,14899
,,,581,,,,,,,,,490,7556,14884
,,,582,,,,,,,,,490,7567,14873
,,,583,,,,,,,,,490,7580,14860
,,,584,,,,,,,,,490,7593,14847
,,,585,,,,,,,,,490,7608,14832
,,,586,,,,,,,,,490,7622,14818
,,,587,,,,,,,,,490,7636,14804
,,,588,,,,,,,,,490,7649,14791
,,,589,,,,,,,,,490,7660,14780
,,,590,,,,,,,,,490,7671,14769
,,,591,,,,,,,,,490,7682,14758
,,,592,,,,,,,,,490,7693,14747
,,,593,,,,,,,,,490,7704,14736
,,,594,,,,,,,,,490,7714,14726
,,,595,,,,,,,,,490,7725,14715
,,,596,,,,,,,,,490,7735,14705
,,,597,,,,,,,,,490,7746,14694
,,,598,,,,,,,,,490,7756,14684
,,,599,,,,,,,,,490,7765,14675
,,,600,,,,,,,,,490,7783,14657
,,,601,,,,,,,,,490,7804,14636
,,,602,,,,,,,,,490,7818,14622
,,,603,,,,,,,,,490,7833,14607
,,,604,,,,,,,,,490,7846,14594
,,,605,,,,,,,,,490,7856,14584
,,,606,,,,,,,,,490,7867,14573
,,,607,,,,,,,,,490,7878,14562
,,,608,,,,,,,,,490,7888,14553
,,,609,,,,,,,,,490,7899,14541
,,,610,,,,,,,,,490,7913,14528
,,,611,,,,,,,,,490,7929,14511
,,,612,,,,,,,,,491,7957,14484
,,,613,,,,,,,,,491,7967,14473
,,,614,,,,,,,,,491,7978,14462
,,,615,,,,,,,,,491,7989,14451
,,,616,,,,,,,,,491,8008,14432
,,,617,,,,,,,,,491,8025,14415
,,,618,,,,,,,,,491,8041,14399
,,,619,,,,,,,,,491,8059,14381
,,,620,,,,,,,,,491,8079,14362
,,,621,,,,,,,,,491,8101,14340
,,,622,,,,,,,,,491,8122,14318
,,,623,,,,,,,,,491,8142,14298
,,,624,,,,,,,,,491,8157,14283
,,,625,,,,,,,,,491,8171,14269
,,,626,,,,,,,,,491,8186,14254
,,,627,,,,,,,,,491,8200,14240
,,,628,,,,,,,,,491,8212,14228
,,,629,,,,,,,,,491,8225,14215
,,,630,,,,,,,,,491,8238,14202
,,,631,,,,,,,,,491,8251,14189
,,,632,,,,,,,,,491,8261,14179
,,,633,,,,,,,,,491,8273,14168
,,,634,,,,,,,,,491,8282,14158
,,,635,,,,,,,,,491,8295,14145
,,,636,,,,,,,,,491,8306,14134
,,,637,,,,,,,,,491,8320,14120
,,,638,,,,,,,,,491,8332,14108
,,,639,,,,,,,,,491,8343,14097
,,,640,,,,,,,,,491,8352,14088
,,,641,,,,,,,,,491,8362,14078
,,,642,,,,,,,,,491,8379,14062
,,,643,,,,,,,,,491,8414,14026
,,,644,,,,,,,,,491,8447,13993
,,,645,,,,,,,,,491,8473,13967
,,,646,,,,,,,,,491,8508,13933
,,,647,,,,,,,,,491,8538,13902
,,,648,,,,,,,,,491,8552,13889
,,,649,,,,,,,,,491,8567,13874
,,,650,,,,,,,,,491,8579,13861
,,,651,,,,,,,,,491,8592,13848
,,,652,,,,,,,,,491,8603,13837
,,,653,,,,,,,,,492,8616,13824
,,,654,,,,,,,,,492,8627,13814
,,,655,,,,,,,,,492,8639,13801
,,,656,,,,,,,,,492,8665,13775
,,,657,,,,,,,,,492,8677,13763
,,,658,,,,,,,,,492,8688,13753
,,,659,,,,,,,,,492,8703,13737
,,,660,,,,,,,,,492,8723,13717
,,,661,,,,,,,,,492,8742,13698
,,,662,,,,,,,,,492,8756,13684
,,,663,,,,,,,,,492,8768,13672
,,,664,,,,,,,,,492,8777,13663
,,,665,,,,,,,,,492,8784,13656
,,,666,,,,,,,,,492,8797,13643
,,,667,,,,,,,,,492,8809,13631
,,,668,,,,,,,,,492,8825,13615
,,,669,,,,,,,,,492,8835,13605
,,,670,,,,,,,,,492,8846,13595
,,,671,,,,,,,,,492,8857,13583
,,,672,,,,,,,,,492,8867,13573
,,,673,,,,,,,,,492,8883,13558
,,,674,,,,,,,,,492,8898,13542
,,,675,,,,,,,,,492,8909,13532
,,,676,,,,,,,,,492,8919,13521
,,,677,,,,,,,,,492,8930,13510
,,,678,,,,,,,,,492,8941,13499
,,,679,,,,,,,,,492,8953,13487
,,,680,,,,,,,,,492,8965,13475
,,,681,,,,,,,,,492,8977,13463
,,,682,,,,,,,,,492,8989,13452
,,,683,,,,,,,,,492,9001,13439
,,,684,,,,,,,,,492,9013,13427
,,,685,,,,,,,,,492,9025,13415
,,,686,,,,,,,,,492,9038,13402
,,,687,,,,,,,,,492,9049,13392
,,,688,,,,,,,,,492,9060,13380
,,,689,,,,,,,,,492,9072,13368
,,,690,,,,,,,,,492,9083,13357
,,,691,,,,,,,,,492,9098,13343
,,,692,,,,,,,,,492,9111,13330
,,,693,,,,,,,,,492,9123,13317
,,,694,,,,,,,,,492,9134,13306
,,,695,,,,,,,,,492,9146,13294
,,,696,,,,,,,,,492,9158,13282
,,,697,,,,,,,,,492,9171,13269
,,,698,,,,,,,,,492,9184,13257
,,,699,,,,,,,,,492,9195,13245
,,,700,,,,,,,,,492,9209,13231
,,,701,,,,,,,,,492,9220,13220
,,,702,,,,,,,,,492,9231,13209
,,,703,,,,,,,,,492,9242,13198
,,,704,,,,,,,,,492,9254,13186
,,,705,,,,,,,,,492,9265,13175
,,,706,,,,,,,,,493,9274,13166
,,,707,,,,,,,,,493,9282,13158
,,,708,,,,,,,,,493,9297,13144
,,,709,,,,,,,,,493,9308,13133
,,,710,,,,,,,,,493,9325,13115
,,,711,,,,,,,,,493,9336,13104
,,,712,,,,,,,,,493,9349,13091
,,,713,,,,,,,,,493,9363,13078
,,,714,,,,,,,,,493,9376,13064
,,,715,,,,,,,,,493,9390,13050
,,,716,,,,,,,,,493,9405,13035
,,,717,,,,,,,,,493,9420,13020
,,,718,,,,,,,,,493,9435,13005
,,,719,,,,,,,,,493,9451,12989
,,,720,,,,,,,,,493,9466,12974
,,,721,,,,,,,,,493,9482,12958
,,,722,,,,,,,,,493,9497,12943
,,,723,,,,,,,,,493,9511,12929
,,,724,,,,,,,,,493,9526,12915
,,,725,,,,,,,,,493,9539,12901
,,,726,,,,,,,,,493,9554,12886
,,,727,,,,,,,,,493,9567,12873
,,,728,,,,,,,,,493,9581,12859
,,,729,,,,,,,,,493,9595,12845
,,,730,,,,,,,,,493,9608,12832
,,,731,,,,,,,,,493,9622,12818
,,,732,,,,,,,,,493,9636,12804
,,,733,,,,,,,,,493,9649,12791
,,,734,,,,,,,,,493,9663,12777
,,,735,,,,,,,,,493,9677,12763
,,,736,,,,,,,,,493,9691,12749
,,,737,,,,,,,,,493,9704,12736
,,,738,,,,,,,,,493,9717,12723
,,,739,,,,,,,,,493,9730,12710
,,,740,,,,,,,,,493,9743,12698
,,,741,,,,,,,,,493,9756,12684
,,,742,,,,,,,,,493,9769,12671
,,,743,,,,,,,,,493,9783,12657
,,,744,,,,,,,,,493,9797,12643
,,,745,,,,,,,,,493,9811,12629
,,,746,,,,,,,,,493,9825,12615
,,,747,,,,,,,,,493,9840,12600
,,,748,,,,,,,,,493,9852,12588
,,,749,,,,,,,,,493,9866,12574
,,,750,,,,,,,,,493,9880,12560
,,,751,,,,,,,,,493,9893,12547
,,,752,,,,,,,,,493,9906,12534
,,,753,,,,,,,,,493,9917,12523
,,,754,,,,,,,,,493,9929,12511
,,,755,,,,,,,,,494,9942,12498
,,,756,,,,,,,,,494,9958,12482
,,,757,,,,,,,,,494,9971,12469
,,,758,,,,,,,,,494,9983,12457
,,,759,,,,,,,,,494,9996,12444
,,,760,,,,,,,,,494,10008,12432
,,,761,,,,,,,,,494,10022,12419
,,,762,,,,,,,,,494,10035,12405
,,,763,,,,,,,,,494,10048,12392
,,,764,,,,,,,,,494,10061,12379
,,,765,,,,,,,,,494,10072,12368
,,,766,,,,,,,,,494,10088,12352
,,,767,,,,,,,,,494,10100,12340
,,,768,,,,,,,,,494,10113,12327
,,,769,,,,,,,,,494,10128,12312
,,,770,,,,,,,,,494,10148,12293
,,,771,,,,,,,,,494,10161,12279
,,,772,,,,,,,,,494,10179,12261
,,,773,,,,,,,,,494,10189,12251
,,,774,,,,,,,,,494,10209,12231
,,,775,,,,,,,,,494,10231,12209
,,,776,,,,,,,,,494,10241,12199
,,,777,,,,,,,,,494,10253,12187
,,,778,,,,,,,,,494,10263,12177
,,,779,,,,,,,,,494,10278,12162
,,,780,,,,,,,,,494,10288,12152
,,,781,,,,,,,,,494,10297,12143
,,,782,,,,,,,,,494,10299,12142
,,,783,,,,,,,,,494,10313,12127
,,,784,,,,,,,,,494,10326,12114
,,,785,,,,,,,,,494,10346,12094
,,,786,,,,,,,,,494,10365,12075
,,,787,,,,,,,,,494,10383,12057
,,,788,,,,,,,,,494,10395,12045
,,,789,,,,,,,,,494,10408,12032
,,,790,,,,,,,,,494,10416,12025
,,,791,,,,,,,,,494,10425,12016
,,,792,,,,,,,,,494,10437,12003
,,,793,,,,,,,,,494,10447,11993
,,,794,,,,,,,,,494,10463,11977
,,,795,,,,,,,,,494,10476,11964
,,,796,,,,,,,,,494,10491,11950
,,,797,,,,,,,,,494,10507,11933
,,,798,,,,,,,,,494,10521,11919
,,,799,,,,,,,,,494,10535,11905
,,,800,,,,,,,,,494,10553,11887
,,,801,,,,,,,,,494,10579,11861
,,,802,,,,,,,,,495,10597,11843
,,,803,,,,,,,,,495,10613,11827
,,,804,,,,,,,,,495,10634,11806
,,,805,,,,,,,,,495,10654,11787
,,,806,,,,,,,,,495,10666,11774
,,,807,,,,,,,,,495,10681,11759
,,,808,,,,,,,,,495,10698,11742
,,,809,,,,,,,,,495,10709,11731
,,,810,,,,,,,,,495,10724,11717
,,,811,,,,,,,,,495,10739,11701
,,,812,,,,,,,,,495,10754,11686
,,,813,,,,,,,,,495,10769,11671
,,,814,,,,,,,,,495,10791,11649
,,,815,,,,,,,,,495,10807,11634
,,,816,,,,,,,,,495,10820,11620
,,,817,,,,,,,,,495,10834,11607
,,,818,,,,,,,,,495,10846,11594
,,,819,,,,,,,,,495,10859,11581
,,,820,,,,,,,,,495,10870,11570
,,,821,,,,,,,,,495,10881,11559
,,,822,,,,,,,,,495,10893,11547
,,,823,,,,,,,,,495,10904,11536
,,,824,,,,,,,,,495,10917,11523
,,,825,,,,,,,,,495,10927,11513
,,,826,,,,,,,,,495,10938,11503
,,,827,,,,,,,,,495,10952,11488
,,,828,,,,,,,,,495,10963,11477
,,,829,,,,,,,,,495,10987,11453
,,,830,,,,,,,,,495,11003,11437
,,,831,,,,,,,,,495,11024,11417
,,,832,,,,,,,,,495,11045,11395
,,,833,,,,,,,,,495,11057,11383
,,,834,,,,,,,,,495,11069,11371
,,,835,,,,,,,,,495,11081,11359
,,,836,,,,,,,,,495,11093,11347
,,,837,,,,,,,,,495,11105,11335
,,,838,,,,,,,,,495,11118,11322
,,,839,,,,,,,,,495,11131,11309
,,,840,,,,,,,,,495,11144,11296
,,,841,,,,,,,,,495,11157,11283
,,,842,,,,,,,,,495,11172,11268
,,,843,,,,,,,,,495,11186,11254
,,,844,,,,,,,,,495,11200,11240
,,,845,,,,,,,,,495,11214,11226
,,,846,,,,,,,,,495,11227,11213
,,,847,,,,,,,,,495,11241,11199
,,,848,,,,,,,,,495,11254,11186
,,,849,,,,,,,,,496,11266,11174
,,,850,,,,,,,,,496,11278,11163
,,,851,,,,,,,,,496,11289,11151
,,,852,,,,,,,,,496,11300,11140
,,,853,,,,,,,,,496,11311,11129
,,,854,,,,,,,,,496,11323,11117
,,,855,,,,,,,,,496,11337,11103
,,,856,,,,,,,,,496,11349,11091
,,,857,,,,,,,,,496,11361,11079
,,,858,,,,,,,,,496,11373,11067
,,,859,,,,,,,,,496,11383,11057
,,,860,,,,,,,,,496,11394,11046
,,,861,,,,,,,,,496,11405,11036
,,,862,,,,,,,,,496,11416,11024
,,,863,,,,,,,,,496,11428,11012
,,,864,,,,,,,,,496,11439,11001
,,,865,,,,,,,,,496,11450,10990
,,,866,,,,,,,,,496,11461,10980
,,,867,,,,,,,,,496,11471,10969
,,,868,,,,,,,,,496,11482,10958
,,,869,,,,,,,,,496,11493,10947
,,,870,,,,,,,,,496,11506,10934
,,,871,,,,,,,,,496,11524,10916
,,,872,,,,,,,,,496,11539,10901
,,,873,,,,,,,,,496,11554,10886
,,,874,,,,,,,,,496,11569,10871
,,,875,,,,,,,,,496,11583,10857
,,,876,,,,,,,,,496,11597,10843
,,,877,,,,,,,,,496,11610,10830
,,,878,,,,,,,,,496,11624,10816
,,,879,,,,,,,,,496,11638,10803
,,,880,,,,,,,,,496,11652,10788
,,,881,,,,,,,,,496,11665,10775
,,,882,,,,,,,,,496,11678,10762
,,,883,,,,,,,,,496,11691,10749
,,,884,,,,,,,,,496,11704,10736
,,,885,,,,,,,,,496,11716,10724
,,,886,,,,,,,,,496,11728,10712
,,,887,,,,,,,,,496,11739,10701
,,,888,,,,,,,,,496,11751,10689
,,,889,,,,,,,,,496,11762,10678
,,,890,,,,,,,,,496,11774,10666
,,,891,,,,,,,,,496,11785,10655
,,,892,,,,,,,,,496,11796,10644
,,,893,,,,,,,,,496,11808,10632
,,,894,,,,,,,,,496,11819,10621
,,,895,,,,,,,,,496,11831,10609
,,,896,,,,,,,,,496,11843,10597
,,,897,,,,,,,,,496,11854,10586
,,,898,,,,,,,,,496,11872,10568
,,,899,,,,,,,,,496,11885,10555
,,,900,,,,,,,,,496,11895,10545
,,,901,,,,,,,,,496,11907,10534
,,,902,,,,,,,,,497,11922,10518
,,,903,,,,,,,,,497,11933,10508
,,,904,,,,,,,,,497,11944,10496
,,,905,,,,,,,,,497,11959,10481
,,,906,,,,,,,,,497,11977,10463
,,,907,,,,,,,,,497,11996,10444
,,,908,,,,,,,,,497,12016,10424
,,,909,,,,,,,,,497,12037,10404
,,,910,,,,,,,,,497,12048,10392
,,,911,,,,,,,,,497,12059,10381
,,,912,,,,,,,,,497,12069,10371
,,,913,,,,,,,,,497,12080,10360
,,,914,,,,,,,,,497,12091,10349
,,,915,,,,,,,,,497,12102,10338
,,,916,,,,,,,,,497,12114,10326
,,,917,,,,,,,,,497,12125,10315
,,,918,,,,,,,,,497,12136,10304
,,,919,,,,,,,,,497,12147,10293
,,,920,,,,,,,,,497,12165,10276
,,,921,,,,,,,,,497,12182,10259
,,,922,,,,,,,,,497,12198,10242
,,,923,,,,,,,,,497,12207,10233
,,,924,,,,,,,,,497,12216,10224
,,,925,,,,,,,,,497,12226,10214
,,,926,,,,,,,,,497,12237,10203
,,,927,,,,,,,,,497,12248,10192
,,,928,,,,,,,,,497,12260,10181
,,,929,,,,,,,,,497,12270,10170
,,,930,,,,,,,,,497,12281,10159
,,,931,,,,,,,,,497,12298,10142
,,,932,,,,,,,,,497,12314,10126
,,,933,,,,,,,,,497,12329,10112
,,,934,,,,,,,,,497,12345,10095
,,,935,,,,,,,,,497,12364,10076
,,,936,,,,,,,,,497,12384,10056
,,,937,,,,,,,,,497,12404,10036
,,,938,,,,,,,,,497,12422,10019
,,,939,,,,,,,,,497,12434,10006
,,,940,,,,,,,,,497,12445,9995
,,,941,,,,,,,,,497,12457,9983
,,,942,,,,,,,,,497,12468,9972
,,,943,,,,,,,,,497,12481,9959
,,,944,,,,,,,,,497,12503,9937
,,,945,,,,,,,,,497,12517,9924
,,,946,,,,,,,,,497,12529,9911
,,,947,,,,,,,,,497,12541,9899
,,,948,,,,,,,,,497,12553,9887
,,,949,,,,,,,,,497,12566,9874
,,,950,,,,,,,,,498,12579,9862
,,,951,,,,,,,,,498,12591,9849
,,,952,,,,,,,,,498,12604,9836
,,,953,,,,,,,,,498,12618,9822
,,,954,,,,,,,,,498,12631,9809
,,,955,,,,,,,,,498,12645,9795
,,,956,,,,,,,,,498,12658,9782
,,,957,,,,,,,,,498,12671,9769
,,,958,,,,,,,,,498,12684,9756
,,,959,,,,,,,,,498,12697,9744
,,,960,,,,,,,,,498,12709,9731
,,,961,,,,,,,,,498,12723,9717
,,,962,,,,,,,,,498,12745,9695
,,,963,,,,,,,,,498,12757,9683
,,,964,,,,,,,,,498,12768,9672
,,,965,,,,,,,,,498,12779,9661
,,,966,,,,,,,,,498,12791,9650
,,,967,,,,,,,,,498,12802,9638
,,,968,,,,,,,,,498,12813,9627
,,,969,,,,,,,,,498,12825,9615
,,,970,,,,,,,,,498,12836,9604
,,,971,,,,,,,,,498,12849,9592
,,,972,,,,,,,,,498,12861,9579
,,,973,,,,,,,,,498,12873,9567
,,,974,,,,,,,,,498,12886,9555
,,,975,,,,,,,,,498,12898,9542
,,,976,,,,,,,,,498,12911,9530
,,,977,,,,,,,,,498,12923,9517
,,,978,,,,,,,,,498,12935,9506
,,,979,,,,,,,,,498,12946,9494
,,,980,,,,,,,,,498,12958,9482
,,,981,,,,,,,,,498,12969,9471
,,,982,,,,,,,,,498,12980,9461
,,,983,,,,,,,,,498,12991,9449
,,,984,,,,,,,,,498,13003,9437
,,,985,,,,,,,,,498,13017,9423
,,,986,,,,,,,,,498,13030,9410
,,,987,,,,,,,,,498,13044,9396
,,,988,,,,,,,,,498,13057,9383
,,,989,,,,,,,,,498,13071,9369
,,,990,,,,,,,,,498,13084,9357
,,,991,,,,,,,,,498,13096,9345
,,,992,,,,,,,,,498,13108,9333
,,,993,,,,,,,,,498,13119,9321
,,,994,,,,,,,,,498,13130,9311
,,,995,,,,,,,,,498,13141,9299
,,,996,,,,,,,,,498,13152,9288
,,,997,,,,,,,,,498,13164,9276
,,,998,,,,,,,,,498,13176,9265
,,,999,,,,,,,,,498,13186,9254
,,,1000,,,,,,,,,498,13196,9244
,,,1001,,,,,,,,,498,13207,9233
,,,1002,,,,,,,,,498,13217,9223
9,1,1003,4924,27.9,running,5835127,446002,-3072,-1706,661.2,499,13238,9202,2123
9,1,1004,4934,20.5,running,5835128,445992,-3071,-1716,1.0,509,13248,9192,2150
9,1,1,4964,27.4,running,5836366,448334,-1834,625,-441.6,539,0,22441,2503
9,1,0,4978,47.9,running,5836375,448342,-1825,633,0.0,553,0,22441,2630
,,,1,,,,,,,,,553,0,22441
,,,2,,,,,,,,,554,13,22427
,,,3,,,,,,,,,555,25,22415
,,,4,,,,,,,,,557,40,22400
,,,5,,,,,,,,,559,61,22379
,,,6,,,,,,,,,560,73,22367
,,,7,,,,,,,,,562,85,22355
,,,8,,,,,,,,,563,97,22343
,,,9,,,,,,,,,564,110,22330
,,,10,,,,,,,,,566,123,22317
,,,11,,,,,,,,,567,135,22305
,,,12,,,,,,,,,569,148,22292
,,,13,,,,,,,,,570,160,22280
,,,14,,,,,,,,,571,172,22268
,,,15,,,,,,,,,573,184,22257
,,,16,,,,,,,,,574,195,22245
,,,17,,,,,,,,,575,206,22234
,,,18,,,,,,,,,576,218,22222
,,,19,,,,,,,,,578,231,22209
,,,20,,,,,,,,,579,243,22197
,,,21,,,,,,,,,580,254,22186
,,,22,,,,,,,,,581,265,22175
,,,23,,,,,,,,,583,276,22164
,,,24,,,,,,,,,584,287,22153
,,,25,,,,,,,,,585,299,22141
,,,26,,,,,,,,,586,310,22130
,,,27,,,,,,,,,588,323,22118
,,,28,,,,,,,,,589,335,22105
,,,29,,,,,,,,,590,349,22092
,,,30,,,,,,,,,592,362,22078
,,,31,,,,,,,,,593,375,22065
,,,32,,,,,,,,,595,389,22052
,,,33,,,,,,,,,596,402,22039
,,,34,,,,,,,,,598,414,22026
,,,35,,,,,,,,,599,425,22015
,,,36,,,,,,,,,600,436,22004
,,,37,,,,,,,,,601,447,21993
,,,38,,,,,,,,,602,458,21982
,,,39,,,,,,,,,604,472,21969
,,,40,,,,,,,,,605,485,21955
,,,41,,,,,,,,,607,498,21942
,,,42,,,,,,,,,608,510,21930
,,,43,,,,,,,,,609,523,21917
,,,44,,,,,,,,,611,536,21904
,,,45,,,,,,,,,612,548,21892
,,,46,,,,,,,,,614,561,21879
,,,47,,,,,,,,,615,573,21867
,,,48,,,,,,,,,616,585,21855
,,,49,,,,,,,,,618,597,21843
,,,50,,,,,,,,,619,609,21831
,,,51,,,,,,,,,620,620,21820
,,,52,,,,,,,,,621,632,21808
,,,53,,,,,,,,,622,643,21797
,,,54,,,,,,,,,624,654,21786
,,,55,,,,,,,,,625,665,21775
,,,56,,,,,,,,,626,676,21764
,,,57,,,,,,,,,627,686,21755
,,,58,,,,,,,,,629,699,21742
,,,59,,,,,,,,,630,711,21730
,,,60,,,,,,,,,631,723,21717
,,,61,,,,,,,,,632,735,21705
,,,62,,,,,,,,,634,747,21693
,,,63,,,,,,,,,635,759,21681
,,,64,,,,,,,,,636,770,21670
,,,65,,,,,,,,,638,782,21658
,,,66,,,,,,,,,639,794,21646
,,,67,,,,,,,,,640,807,21634
,,,68,,,,,,,,,642,819,21621
,,,69,,,,,,,,,643,831,21609
,,,70,,,,,,,,,644,843,21597
,,,71,,,,,,,,,646,856,21585
,,,72,,,,,,,,,647,868,21572
,,,73,,,,,,,,,648,880,21560
,,,74,,,,,,,,,650,893,21548
,,,75,,,,,,,,,651,905,21535
,,,76,,,,,,,,,652,917,21523
,,,77,,,,,,,,,654,930,21510
,,,78,,,,,,,,,655,943,21498
,,,79,,,,,,,,,656,955,21485
,,,80,,,,,,,,,658,968,21472
,,,81,,,,,,,,,659,980,21460
,,,82,,,,,,,,,660,992,21448
,,,83,,,,,,,,,662,1003,21437
,,,84,,,,,,,,,663,1013,21427
,,,85,,,,,,,,,665,1032,21409
,,,86,,,,,,,,,667,1050,21390
,,,87,,,,,,,,,668,1060,21380
,,,88,,,,,,,,,669,1071,21369
,,,89,,,,,,,,,670,1082,21358
,,,90,,,,,,,,,672,1096,21344
,,,91,,,,,,,,,673,1111,21330
,,,92,,,,,,,,,675,1124,21316
,,,93,,,,,,,,,676,1139,21301
,,,94,,,,,,,,,678,1154,21287
,,,95,,,,,,,,,680,1168,21272
,,,96,,,,,,,,,681,1182,21258
,,,97,,,,,,,,,683,1196,21244
,,,98,,,,,,,,,684,1210,21230
,,,99,,,,,,,,,686,1224,21216
,,,100,,,,,,,,,687,1238,21203
,,,101,,,,,,,,,689,1251,21189
,,,102,,,,,,,,,690,1265,21175
,,,103,,,,,,,,,692,1278,21162
,,,104,,,,,,,,,693,1291,21149
,,,105,,,,,,,,,695,1305,21135
,,,106,,,,,,,,,696,1319,21121
,,,107,,,,,,,,,697,1331,21109
,,,108,,,,,,,,,699,1344,21096
,,,109,,,,,,,,,700,1356,21084
,,,110,,,,,,,,,701,1367,21073
,,,111,,,,,,,,,703,1379,21061
,,,112,,,,,,,,,704,1390,21050
,,,113,,,,,,,,,705,1401,21039
,,,114,,,,,,,,,707,1420,21020
,,,115,,,,,,,,,708,1431,21009
,,,116,,,,,,,,,709,1437,21004
,,,117,,,,,,,,,710,1452,20988
,,,118,,,,,,,,,712,1470,20970
,,,119,,,,,,,,,714,1481,20959
,,,120,,,,,,,,,715,1494,20946
,,,121,,,,,,,,,716,1507,20933
,,,122,,,,,,,,,718,1521,20919
,,,123,,,,,,,,,719,1534,20906
,,,124,,,,,,,,,721,1548,20892
,,,125,,,,,,,,,722,1562,20878
,,,126,,,,,,,,,724,1575,20865
,,,127,,,,,,,,,725,1589,20851
,,,128,,,,,,,,,727,1602,20838
,,,129,,,,,,,,,728,1615,20826
9,1,130,5155,29.1,running,5836500,449500,-1699,1791,9.1,730,1627,20813,2692
9,1,131,5165,40.0,running,5836504,449511,-1696,1802,1.2,740,1639,20801,2914
,,,132,,,,,,,,,764,1650,20790
,,,133,,,,,,,,,788,1661,20779
9,1,134,5236,18.2,running,5836507,449543,-1693,1835,0.4,811,1672,20769,1676
9,1,131,5276,13.3,running,5836504,449511,-1696,1802,-0.8,851,1639,20801,1200
9,1,129,5356,21.5,running,5836496,449488,-1704,1779,-0.3,931,1615,20826,1339
9,1,127,5366,18.6,running,5836485,449465,-1715,1756,-2.5,941,1589,20851,1484
9,1,0,5386,14.8,running,5836375,448342,-1825,633,-79.4,961,0,22441,1474
,,,1,,,,,,,,,961,0,22441
,,,2,,,,,,,,,961,13,22427
,,,3,,,,,,,,,961,25,22415
,,,4,,,,,,,,,962,40,22400
,,,5,,,,,,,,,962,61,22379
,,,6,,,,,,,,,963,73,22367
,,,7,,,,,,,,,963,85,22355
,,,8,,,,,,,,,963,97,22343
,,,9,,,,,,,,,964,110,22330
,,,10,,,,,,,,,964,123,22317
,,,11,,,,,,,,,965,135,22305
,,,12,,,,,,,,,965,148,22292
,,,13,,,,,,,,,965,160,22280
,,,14,,,,,,,,,966,172,22268
,,,15,,,,,,,,,966,184,22257
,,,16,,,,,,,,,966,195,22245
,,,17,,,,,,,,,967,206,22234
,,,18,,,,,,,,,967,218,22222
,,,19,,,,,,,,,968,231,22209
,,,20,,,,,,,,,968,243,22197
,,,21,,,,,,,,,968,254,22186
,,,22,,,,,,,,,969,265,22175
,,,23,,,,,,,,,969,276,22164
,,,24,,,,,,,,,969,287,22153
,,,25,,,,,,,,,970,299,22141
,,,26,,,,,,,,,970,310,22130
,,,27,,,,,,,,,970,323,22118
,,,28,,,,,,,,,971,335,22105
,,,29,,,,,,,,,971,349,22092
,,,30,,,,,,,,,971,362,22078
,,,31,,,,,,,,,972,375,22065
,,,32,,,,,,,,,972,389,22052
,,,33,,,,,,,,,973,402,22039
,,,34,,,,,,,,,973,414,22026
,,,35,,,,,,,,,973,425,22015
,,,36,,,,,,,,,974,436,22004
,,,37,,,,,,,,,974,447,21993
,,,38,,,,,,,,,974,458,21982
,,,39,,,,,,,,,975,472,21969
,,,40,,,,,,,,,975,485,21955
,,,41,,,,,,,,,976,498,21942
,,,42,,,,,,,,,976,510,21930
,,,43,,,,,,,,,976,523,21917
,,,44,,,,,,,,,977,536,21904
,,,45,,,,,,,,,977,548,21892
,,,46,,,,,,,,,978,561,21879
,,,47,,,,,,,,,978,573,21867
,,,48,,,,,,,,,978,585,21855
,,,49,,,,,,,,,979,597,21843
,,,50,,,,,,,,,979,609,21831
,,,51,,,,,,,,,979,620,21820
,,,52,,,,,,,,,980,632,21808
,,,53,,,,,,,,,980,643,21797
,,,54,,,,,,,,,980,654,21786
,,,55,,,,,,,,,981,665,21775
,,,56,,,,,,,,,981,676,21764
,,,57,,,,,,,,,981,686,21755
,,,58,,,,,,,,,982,699,21742
,,,59,,,,,,,,,982,711,21730
,,,60,,,,,,,,,982,723,21717
,,,61,,,,,,,,,983,735,21705
,,,62,,,,,,,,,983,747,21693
,,,63,,,,,,,,,983,759,21681
,,,64,,,,,,,,,984,770,21670
,,,65,,,,,,,,,984,782,21658
,,,66,,,,,,,,,985,794,21646
,,,67,,,,,,,,,985,807,21634
,,,68,,,,,,,,,985,819,21621
,,,69,,,,,,,,,986,831,21609
,,,70,,,,,,,,,986,843,21597
,,,71,,,,,,,,,986,856,21585
,,,72,,,,,,,,,987,868,21572
,,,73,,,,,,,,,987,880,21560
,,,74,,,,,,,,,988,893,21548
,,,75,,,,,,,,,988,905,21535
,,,76,,,,,,,,,988,917,21523
,,,77,,,,,,,,,989,930,21510
,,,78,,,,,,,,,989,943,21498
,,,79,,,,,,,,,989,955,21485
,,,80,,,,,,,,,990,968,21472
,,,81,,,,,,,,,990,980,21460
,,,82,,,,,,,,,991,992,21448
,,,83,,,,,,,,,991,1003,21437
,,,84,,,,,,,,,991,1013,21427
,,,85,,,,,,,,,992,1032,21409
,,,86,,,,,,,,,992,1050,21390
,,,87,,,,,,,,,993,1060,21380
,,,88,,,,,,,,,993,1071,21369
,,,89,,,,,,,,,993,1082,21358
,,,90,,,,,,,,,994,1096,21344
,,,91,,,,,,,,,994,1111,21330
,,,92,,,,,,,,,995,1124,21316
,,,93,,,,,,,,,995,1139,21301
,,,94,,,,,,,,,995,1154,21287
,,,95,,,,,,,,,996,1168,21272
,,,96,,,,,,,,,996,1182,21258
,,,97,,,,,,,,,997,1196,21244
,,,98,,,,,,,,,997,1210,21230
,,,99,,,,,,,,,998,1224,21216
,,,100,,,,,,,,,998,1238,21203
,,,101,,,,,,,,,998,1251,21189
,,,102,,,,,,,,,999,1265,21175
,,,103,,,,,,,,,999,1278,21162
,,,104,,,,,,,,,1000,1291,21149
,,,105,,,,,,,,,1000,1305,21135
,,,106,,,,,,,,,1000,1319,21121
,,,107,,,,,,,,,1001,1331,21109
,,,108,,,,,,,,,1001,1344,21096
,,,109,,,,,,,,,1002,1356,21084
,,,110,,,,,,,,,1002,1367,21073
,,,111,,,,,,,,,1002,1379,21061
,,,112,,,,,,,,,1003,1390,21050
,,,113,,,,,,,,,1003,1401,21039
,,,114,,,,,,,,,1004,1420,21020
,,,115,,,,,,,,,1004,1431,21009
,,,116,,,,,,,,,1004,1437,21004
,,,117,,,,,,,,,1005,1452,20988
,,,118,,,,,,,,,1005,1470,20970
,,,119,,,,,,,,,1005,1481,20959
,,,120,,,,,,,,,1006,1494,20946
,,,121,,,,,,,,,1006,1507,20933
,,,122,,,,,,,,,1007,1521,20919
,,,123,,,,,,,,,1007,1534,20906
,,,124,,,,,,,,,1007,1548,20892
,,,125,,,,,,,,,1008,1562,20878
,,,126,,,,,,,,,1008,1575,20865
,,,127,,,,,,,,,1009,1589,20851
,,,128,,,,,,,,,1009,1602,20838
,,,129,,,,,,,,,1009,1615,20826
,,,130,,,,,,,,,1010,1627,20813
,,,131,,,,,,,,,1010,1639,20801
9,1,132,5436,17.8,running,5836506,449522,-1694,1813,33.0,1011,1650,20790,942
,,,133,,,,,,,,,1019,1661,20779
,,,134,,,,,,,,,1027,1672,20769
9,1,135,5466,17.4,running,5836502,449562,-1697,1853,1.3,1041,1690,20750,1046
,,,136,,,,,,,,,1042,1710,20731
,,,137,,,,,,,,,1043,1720,20720
,,,138,,,,,,,,,1044,1731,20709
,,,139,,,,,,,,,1045,1742,20698
,,,140,,,,,,,,,1046,1755,20685
,,,141,,,,,,,,,1047,1769,20671
,,,142,,,,,,,,,1048,1783,20657
,,,143,,,,,,,,,1050,1797,20643
,,,144,,,,,,,,,1051,1811,20629
,,,145,,,,,,,,,1052,1824,20616
,,,146,,,,,,,,,1053,1836,20604
,,,147,,,,,,,,,1054,1848,20592
,,,148,,,,,,,,,1055,1859,20581
,,,149,,,,,,,,,1056,1870,20570
,,,150,,,,,,,,,1057,1880,20560
,,,151,,,,,,,,,1058,1894,20547
,,,152,,,,,,,,,1059,1907,20534
,,,153,,,,,,,,,1060,1917,20523
,,,154,,,,,,,,,1061,1930,20510
,,,155,,,,,,,,,1062,1944,20496
,,,156,,,,,,,,,1063,1955,20485
,,,157,,,,,,,,,1064,1967,20473
,,,158,,,,,,,,,1065,1976,20465
,,,159,,,,,,,,,1066,1981,20459
,,,160,,,,,,,,,1067,1993,20447
,,,161,,,,,,,,,1068,2006,20435
,,,162,,,,,,,,,1069,2021,20419
9,1,163,5496,21.8,running,5836324,449846,-1875,2137,11.6,1071,2039,20401,1081
9,1,164,5526,14.4,running,5836312,449855,-1887,2147,0.5,1101,2055,20386,993
9,1,163,5556,18.5,running,5836324,449846,-1875,2137,-0.5,1131,2039,20401,749
9,1,137,5586,0.0,running,5836485,449586,-1714,1877,-10.6,1161,1720,20720,700
9,1,0,6257,0.0,running,5836375,448342,-1825,633,-2.5,1832,0,22441,100
9,1,1,6367,0.0,running,5836366,448334,-1834,625,0.0,1942,0,22441,8
,,,2,,,,,,,,,1950,13,22427
,,,3,,,,,,,,,1957,25,22415
,,,4,,,,,,,,,1966,40,22400
,,,5,,,,,,,,,1978,61,22379
,,,6,,,,,,,,,1985,73,22367
,,,7,,,,,,,,,1993,85,22355
,,,8,,,,,,,,,2000,97,22343
,,,9,,,,,,,,,2007,110,22330
,,,10,,,,,,,,,2015,123,22317
,,,11,,,,,,,,,2023,135,22305
,,,12,,,,,,,,,2030,148,22292
,,,13,,,,,,,,,2038,160,22280
,,,14,,,,,,,,,2045,172,22268
9,1,15,6477,33.6,running,5836268,448460,-1932,751,1.6,2052,184,22257,3
,,,16,,,,,,,,,2052,195,22245
,,,17,,,,,,,,,2052,206,22234
,,,18,,,,,,,,,2053,218,22222
,,,19,,,,,,,,,2053,231,22209
,,,20,,,,,,,,,2054,243,22197
,,,21,,,,,,,,,2054,254,22186
,,,22,,,,,,,,,2054,265,22175
,,,23,,,,,,,,,2055,276,22164
,,,24,,,,,,,,,2055,287,22153
,,,25,,,,,,,,,2055,299,22141
,,,26,,,,,,,,,2056,310,22130
,,,27,,,,,,,,,2056,323,22118
,,,28,,,,,,,,,2057,335,22105
,,,29,,,,,,,,,2057,349,22092
,,,30,,,,,,,,,2058,362,22078
,,,31,,,,,,,,,2058,375,22065
,,,32,,,,,,,,,2059,389,22052
,,,33,,,,,,,,,2059,402,22039
,,,34,,,,,,,,,2059,414,22026
,,,35,,,,,,,,,2060,425,22015
,,,36,,,,,,,,,2060,436,22004
,,,37,,,,,,,,,2061,447,21993
,,,38,,,,,,,,,2061,458,21982
,,,39,,,,,,,,,2061,472,21969
,,,40,,,,,,,,,2062,485,21955
,,,41,,,,,,,,,2062,498,21942
,,,42,,,,,,,,,2063,510,21930
,,,43,,,,,,,,,2063,523,21917
,,,44,,,,,,,,,2064,536,21904
,,,45,,,,,,,,,2064,548,21892
,,,46,,,,,,,,,2064,561,21879
,,,47,,,,,,,,,2065,573,21867
,,,48,,,,,,,,,2065,585,21855
,,,49,,,,,,,,,2066,597,21843
,,,50,,,,,,,,,2066,609,21831
,,,51,,,,,,,,,2066,620,21820
,,,52,,,,,,,,,2067,632,21808
,,,53,,,,,,,,,2067,643,21797
,,,54,,,,,,,,,2068,654,21786
,,,55,,,,,,,,,2068,665,21775
,,,56,,,,,,,,,2068,676,21764
,,,57,,,,,,,,,2069,686,21755
,,,58,,,,,,,,,2069,699,21742
,,,59,,,,,,,,,2070,711,21730
,,,60,,,,,,,,,2070,723,21717
,,,61,,,,,,,,,2070,735,21705
,,,62,,,,,,,,,2071,747,21693
,,,63,,,,,,,,,2071,759,21681
,,,64,,,,,,,,,2072,770,21670
,,,65,,,,,,,,,2072,782,21658
,,,66,,,,,,,,,2072,794,21646
,,,67,,,,,,,,,2073,807,21634
,,,68,,,,,,,,,2073,819,21621
,,,69,,,,,,,,,2074,831,21609
,,,70,,,,,,,,,2074,843,21597
,,,71,,,,,,,,,2074,856,21585
,,,72,,,,,,,,,2075,868,21572
,,,73,,,,,,,,,2075,880,21560
,,,74,,,,,,,,,2076,893,21548
,,,75,,,,,,,,,2076,905,21535
,,,76,,,,,,,,,2077,917,21523
,,,77,,,,,,,,,2077,930,21510
,,,78,,,,,,,,,2077,943,21498
,,,79,,,,,,,,,2078,955,21485
,,,80,,,,,,,,,2078,968,21472
,,,81,,,,,,,,,2079,980,21460
,,,82,,,,,,,,,2079,992,21448
,,,83,,,,,,,,,2080,1003,21437
,,,84,,,,,,,,,2080,1013,21427
,,,85,,,,,,,,,2081,1032,21409
,,,86,,,,,,,,,2081,1050,21390
9,1,87,6507,26.3,running,5836108,449109,-2091,1400,29.2,2082,1060,21380,8
,,,88,,,,,,,,,2082,1071,21369
,,,89,,,,,,,,,2082,1082,21358
,,,90,,,,,,,,,2082,1096,21344
,,,91,,,,,,,,,2083,1111,21330
,,,92,,,,,,,,,2083,1124,21316
,,,93,,,,,,,,,2083,1139,21301
,,,94,,,,,,,,,2084,1154,21287
,,,95,,,,,,,,,2084,1168,21272
,,,96,,,,,,,,,2084,1182,21258
,,,97,,,,,,,,,2085,1196,21244
,,,98,,,,,,,,,2085,1210,21230
,,,99,,,,,,,,,2085,1224,21216
,,,100,,,,,,,,,2086,1238,21203
,,,101,,,,,,,,,2086,1251,21189
,,,102,,,,,,,,,2086,1265,21175
,,,103,,,,,,,,,2087,1278,21162
,,,104,,,,,,,,,2087,1291,21149
,,,105,,,,,,,,,2087,1305,21135
,,,106,,,,,,,,,2088,1319,21121
,,,107,,,,,,,,,2088,1331,21109
,,,108,,,,,,,,,2088,1344,21096
,,,109,,,,,,,,,2089,1356,21084
,,,110,,,,,,,,,2089,1367,21073
,,,111,,,,,,,,,2089,1379,21061
,,,112,,,,,,,,,2090,1390,21050
,,,113,,,,,,,,,2090,1401,21039
,,,114,,,,,,,,,2090,1420,21020
,,,115,,,,,,,,,2091,1431,21009
,,,116,,,,,,,,,2091,1437,21004
,,,117,,,,,,,,,2091,1452,20988
9,1,118,6517,45.8,running,5836424,449363,-1775,1654,40.9,2092,1470,20970,7
,,,119,,,,,,,,,2092,1481,20959
,,,120,,,,,,,,,2092,1494,20946
,,,121,,,,,,,,,2093,1507,20933
,,,122,,,,,,,,,2093,1521,20919
,,,123,,,,,,,,,2094,1534,20906
,,,124,,,,,,,,,2094,1548,20892
,,,125,,,,,,,,,2095,1562,20878
,,,126,,,,,,,,,2095,1575,20865
,,,127,,,,,,,,,2096,1589,20851
,,,128,,,,,,,,,2096,1602,20838
,,,129,,,,,,,,,2096,1615,20826
,,,130,,,,,,,,,2097,1627,20813
,,,131,,,,,,,,,2097,1639,20801
,,,132,,,,,,,,,2098,1650,20790
,,,133,,,,,,,,,2098,1661,20779
,,,134,,,,,,,,,2098,1672,20769
,,,135,,,,,,,,,2099,1690,20750
,,,136,,,,,,,,,2100,1710,20731
,,,137,,,,,,,,,2100,1720,20720
,,,138,,,,,,,,,2100,1731,20709
,,,139,,,,,,,,,2101,1742,20698
,,,140,,,,,,,,,2101,1755,20685
,,,141,,,,,,,,,2102,1769,20671
,,,142,,,,,,,,,2102,1783,20657
,,,143,,,,,,,,,2103,1797,20643
,,,144,,,,,,,,,2103,1811,20629
,,,145,,,,,,,,,2104,1824,20616
,,,146,,,,,,,,,2104,1836,20604
,,,147,,,,,,,,,2104,1848,20592
,,,148,,,,,,,,,2105,1859,20581
,,,149,,,,,,,,,2105,1870,20570
,,,150,,,,,,,,,2106,1880,20560
,,,151,,,,,,,,,2106,1894,20547
,,,152,,,,,,,,,2106,1907,20534
,,,153,,,,,,,,,2107,1917,20523
,,,154,,,,,,,,,2107,1930,20510
,,,155,,,,,,,,,2108,1944,20496
,,,156,,,,,,,,,2108,1955,20485
,,,157,,,,,,,,,2109,1967,20473
,,,158,,,,,,,,,2109,1976,20465
,,,159,,,,,,,,,2109,1981,20459
,,,160,,,,,,,,,2109,1993,20447
,,,161,,,,,,,,,2110,2006,20435
,,,162,,,,,,,,,2110,2021,20419
,,,163,,,,,,,,,2111,2039,20401
9,1,164,6537,17.9,running,5836312,449855,-1887,2147,29.2,2112,2055,20386,1
,,,165,,,,,,,,,2112,2073,20367
,,,166,,,,,,,,,2113,2090,20350
,,,167,,,,,,,,,2113,2104,20337
,,,168,,,,,,,,,2114,2120,20321
,,,169,,,,,,,,,2114,2131,20309
,,,170,,,,,,,,,2115,2143,20297
,,,171,,,,,,,,,2115,2154,20286
,,,172,,,,,,,,,2116,2166,20274
,,,173,,,,,,,,,2116,2178,20262
,,,174,,,,,,,,,2116,2190,20250
,,,175,,,,,,,,,2117,2203,20237
,,,176,,,,,,,,,2117,2216,20224
,,,177,,,,,,,,,2118,2230,20211
,,,178,,,,,,,,,2118,2243,20197
,,,179,,,,,,,,,2119,2257,20183
,,,180,,,,,,,,,2119,2270,20170
,,,181,,,,,,,,,2120,2283,20158
,,,182,,,,,,,,,2120,2295,20145
,,,183,,,,,,,,,2121,2307,20133
,,,184,,,,,,,,,2121,2318,20122
9,1,185,6547,30.1,running,5836111,449695,-2089,1986,27.5,2122,2330,20110,8
,,,186,,,,,,,,,2122,2342,20098
,,,187,,,,,,,,,2122,2354,20087
,,,188,,,,,,,,,2123,2366,20074
,,,189,,,,,,,,,2123,2379,20062
,,,190,,,,,,,,,2124,2392,20048
,,,191,,,,,,,,,2124,2404,20036
,,,192,,,,,,,,,2124,2416,20024
,,,193,,,,,,,,,2125,2429,20011
,,,194,,,,,,,,,2125,2442,19998
,,,195,,,,,,,,,2126,2454,19986
,,,196,,,,,,,,,2126,2466,19974
,,,197,,,,,,,,,2127,2478,19962
,,,198,,,,,,,,,2127,2489,19951
,,,199,,,,,,,,,2128,2508,19932
,,,200,,,,,,,,,2128,2525,19915
,,,201,,,,,,,,,2129,2546,19894
,,,202,,,,,,,,,2129,2556,19884
,,,203,,,,,,,,,2130,2567,19874
,,,204,,,,,,,,,2130,2585,19855
,,,205,,,,,,,,,2131,2603,19837
,,,206,,,,,,,,,2131,2621,19819
,,,207,,,,,,,,,2132,2633,19807
,,,208,,,,,,,,,2132,2645,19795
,,,209,,,,,,,,,2133,2658,19783
,,,210,,,,,,,,,2133,2671,19770
,,,211,,,,,,,,,2134,2683,19757
,,,212,,,,,,,,,2134,2695,19745
,,,213,,,,,,,,,2134,2708,19732
,,,214,,,,,,,,,2135,2720,19720
,,,215,,,,,,,,,2135,2731,19709
,,,216,,,,,,,,,2136,2743,19697
,,,217,,,,,,,,,2136,2755,19686
,,,218,,,,,,,,,2136,2766,19674
,,,219,,,,,,,,,2137,2778,19662
,,,220,,,,,,,,,2137,2790,19650
,,,221,,,,,,,,,2138,2802,19639
,,,222,,,,,,,,,2138,2813,19627
,,,223,,,,,,,,,2138,2825,19615
,,,224,,,,,,,,,2139,2838,19602
,,,225,,,,,,,,,2139,2851,19590
,,,226,,,,,,,,,2140,2863,19577
,,,227,,,,,,,,,2140,2876,19564
,,,228,,,,,,,,,2141,2889,19551
,,,229,,,,,,,,,2141,2902,19538
9,1,230,6567,41.3,running,5835759,449616,-2440,1907,29.3,2142,2917,19523,5
,,,231,,,,,,,,,2142,2931,19509
,,,232,,,,,,,,,2142,2945,19495
,,,233,,,,,,,,,2143,2958,19482
,,,234,,,,,,,,,2143,2972,19468
,,,235,,,,,,,,,2144,2985,19455
,,,236,,,,,,,,,2144,2997,19443
,,,237,,,,,,,,,2144,3009,19431
,,,238,,,,,,,,,2145,3021,19419
,,,239,,,,,,,,,2145,3033,19407
,,,240,,,,,,,,,2146,3046,19394
,,,241,,,,,,,,,2146,3059,19381
,,,242,,,,,,,,,2146,3072,19368
,,,243,,,,,,,,,2147,3085,19355
,,,244,,,,,,,,,2147,3098,19342
,,,245,,,,,,,,,2148,3110,19330
,,,246,,,,,,,,,2148,3122,19318
,,,247,,,,,,,,,2148,3135,19305
,,,248,,,,,,,,,2149,3147,19293
,,,249,,,,,,,,,2149,3158,19282
,,,250,,,,,,,,,2150,3168,19272
,,,251,,,,,,,,,2150,3180,19261
,,,252,,,,,,,,,2150,3191,19249
,,,253,,,,,,,,,2151,3204,19237
,,,254,,,,,,,,,2151,3216,19225
9,1,255,6577,29.6,running,5835581,449853,-2618,2144,31.2,2152,3229,19211,6
,,,256,,,,,,,,,2152,3242,19198
,,,257,,,,,,,,,2152,3254,19186
,,,258,,,,,,,,,2153,3265,19175
,,,259,,,,,,,,,2153,3276,19164
,,,260,,,,,,,,,2153,3293,19147
,,,261,,,,,,,,,2154,3305,19136
,,,262,,,,,,,,,2154,3317,19123
,,,263,,,,,,,,,2154,3319,19122
,,,264,,,,,,,,,2155,3330,19110
,,,265,,,,,,,,,2155,3349,19091
,,,266,,,,,,,,,2155,3360,19080
,,,267,,,,,,,,,2156,3372,19068
,,,268,,,,,,,,,2156,3385,19055
,,,269,,,,,,,,,2157,3397,19043
,,,270,,,,,,,,,2157,3411,19030
,,,271,,,,,,,,,2157,3424,19016
,,,272,,,,,,,,,2158,3437,19003
,,,273,,,,,,,,,2158,3450,18990
,,,274,,,,,,,,,2159,3462,18978
,,,275,,,,,,,,,2159,3474,18966
,,,276,,,,,,,,,2159,3486,18954
,,,277,,,,,,,,,2160,3500,18940
,,,278,,,,,,,,,2160,3514,18926
,,,279,,,,,,,,,2161,3527,18913
,,,280,,,,,,,,,2161,3540,18900
,,,281,,,,,,,,,2161,3552,18888
,,,282,,,,,,,,,2162,3565,18876
,,,283,,,,,,,,,2162,3578,18863
,,,284,,,,,,,,,2163,3591,18849
,,,285,,,,,,,,,2163,3606,18834
,,,286,,,,,,,,,2163,3621,18820
,,,287,,,,,,,,,2164,3635,18805
,,,288,,,,,,,,,2164,3650,18790
,,,289,,,,,,,,,2165,3664,18776
,,,290,,,,,,,,,2165,3678,18762
,,,291,,,,,,,,,2166,3693,18747
,,,292,,,,,,,,,2166,3707,18733
,,,293,,,,,,,,,2167,3721,18719
,,,294,,,,,,,,,2167,3735,18705
,,,295,,,,,,,,,2167,3749,18691
,,,296,,,,,,,,,2168,3763,18677
,,,297,,,,,,,,,2168,3777,18663
,,,298,,,,,,,,,2169,3791,18649
,,,299,,,,,,,,,2169,3803,18637
,,,300,,,,,,,,,2169,3815,18625
,,,301,,,,,,,,,2170,3826,18615
,,,302,,,,,,,,,2170,3842,18598
,,,303,,,,,,,,,2171,3852,18588
,,,304,,,,,,,,,2171,3866,18574
9,1,305,6597,25.9,running,5835260,449423,-2940,1714,32.7,2172,3883,18557,2
Car Id,Tramo Id,UTM Index,Car Time,Speed,Status,Utm X,Utm Y,Norm X,Norm Y,Avg Speed,Track Time,Distance,Remaining Distance,Error
9,1,1,6467,0.0,start,5836366,448334,-1834,625,-1.0,0,0,22441,156
,,,2,,,,,,,,,0,13,22427
,,,3,,,,,,,,,1,25,22415
,,,4,,,,,,,,,2,40,22400
,,,5,,,,,,,,,3,61,22379
,,,6,,,,,,,,,3,73,22367
,,,7,,,,,,,,,4,85,22355
,,,8,,,,,,,,,5,97,22343
,,,9,,,,,,,,,5,110,22330
,,,10,,,,,,,,,6,123,22317
,,,11,,,,,,,,,7,135,22305
,,,12,,,,,,,,,8,148,22292
,,,13,,,,,,,,,8,160,22280
,,,14,,,,,,,,,9,172,22268
9,1,15,6477,33.6,running,5836268,448460,-1932,751,18.4,10,184,22257,3
,,,16,,,,,,,,,10,195,22245
,,,17,,,,,,,,,10,206,22234
,,,18,,,,,,,,,11,218,22222
,,,19,,,,,,,,,11,231,22209
,,,20,,,,,,,,,12,243,22197
,,,21,,,,,,,,,12,254,22186
,,,22,,,,,,,,,12,265,22175
,,,23,,,,,,,,,13,276,22164
,,,24,,,,,,,,,13,287,22153
,,,25,,,,,,,,,13,299,22141
,,,26,,,,,,,,,14,310,22130
,,,27,,,,,,,,,14,323,22118
,,,28,,,,,,,,,15,335,22105
,,,29,,,,,,,,,15,349,22092
,,,30,,,,,,,,,16,362,22078
,,,31,,,,,,,,,16,375,22065
,,,32,,,,,,,,,17,389,22052
,,,33,,,,,,,,,17,402,22039
,,,34,,,,,,,,,17,414,22026
,,,35,,,,,,,,,18,425,22015
,,,36,,,,,,,,,18,436,22004
,,,37,,,,,,,,,19,447,21993
,,,38,,,,,,,,,19,458,21982
,,,39,,,,,,,,,19,472,21969
,,,40,,,,,,,,,20,485,21955
,,,41,,,,,,,,,20,498,21942
,,,42,,,,,,,,,21,510,21930
,,,43,,,,,,,,,21,523,21917
,,,44,,,,,,,,,22,536,21904
,,,45,,,,,,,,,22,548,21892
,,,46,,,,,,,,,22,561,21879
,,,47,,,,,,,,,23,573,21867
,,,48,,,,,,,,,23,585,21855
,,,49,,,,,,,,,24,597,21843
,,,50,,,,,,,,,24,609,21831
,,,51,,,,,,,,,24,620,21820
,,,52,,,,,,,,,25,632,21808
,,,53,,,,,,,,,25,643,21797
,,,54,,,,,,,,,26,654,21786
,,,55,,,,,,,,,26,665,21775
,,,56,,,,,,,,,26,676,21764
,,,57,,,,,,,,,27,686,21755
,,,58,,,,,,,,,27,699,21742
,,,59,,,,,,,,,28,711,21730
,,,60,,,,,,,,,28,723,21717
,,,61,,,,,,,,,28,735,21705
,,,62,,,,,,,,,29,747,21693
,,,63,,,,,,,,,29,759,21681
,,,64,,,,,,,,,30,770,21670
,,,65,,,,,,,,,30,782,21658
,,,66,,,,,,,,,30,794,21646
,,,67,,,,,,,,,31,807,21634
,,,68,,,,,,,,,31,819,21621
,,,69,,,,,,,,,32,831,21609
,,,70,,,,,,,,,32,843,21597
,,,71,,,,,,,,,32,856,21585
,,,72,,,,,,,,,33,868,21572
,,,73,,,,,,,,,33,880,21560
,,,74,,,,,,,,,34,893,21548
,,,75,,,,,,,,,34,905,21535
,,,76,,,,,,,,,35,917,21523
,,,77,,,,,,,,,35,930,21510
,,,78,,,,,,,,,35,943,21498
,,,79,,,,,,,,,36,955,21485
,,,80,,,,,,,,,36,968,21472
,,,81,,,,,,,,,37,980,21460
,,,82,,,,,,,,,37,992,21448
,,,83,,,,,,,,,38,1003,21437
,,,84,,,,,,,,,38,1013,21427
,,,85,,,,,,,,,39,1032,21409
,,,86,,,,,,,,,39,1050,21390
9,1,87,6507,26.3,running,5836108,449109,-2091,1400,29.2,40,1060,21380,8
,,,88,,,,,,,,,40,1071,21369
,,,89,,,,,,,,,40,1082,21358
,,,90,,,,,,,,,40,1096,21344
,,,91,,,,,,,,,41,1111,21330
,,,92,,,,,,,,,41,1124,21316
,,,93,,,,,,,,,41,1139,21301
,,,94,,,,,,,,,42,1154,21287
,,,95,,,,,,,,,42,1168,21272
,,,96,,,,,,,,,42,1182,21258
,,,97,,,,,,,,,43,1196,21244
,,,98,,,,,,,,,43,1210,21230
,,,99,,,,,,,,,43,1224,21216
,,,100,,,,,,,,,44,1238,21203
,,,101,,,,,,,,,44,1251,21189
,,,102,,,,,,,,,44,1265,21175
,,,103,,,,,,,,,45,1278,21162
,,,104,,,,,,,,,45,1291,21149
,,,105,,,,,,,,,45,1305,21135
,,,106,,,,,,,,,46,1319,21121
,,,107,,,,,,,,,46,1331,21109
,,,108,,,,,,,,,46,1344,21096
,,,109,,,,,,,,,47,1356,21084
,,,110,,,,,,,,,47,1367,21073
,,,111,,,,,,,,,47,1379,21061
,,,112,,,,,,,,,48,1390,21050
,,,113,,,,,,,,,48,1401,21039
,,,114,,,,,,,,,48,1420,21020
,,,115,,,,,,,,,49,1431,21009
,,,116,,,,,,,,,49,1437,21004
,,,117,,,,,,,,,49,1452,20988
9,1,118,6517,45.8,running,5836424,449363,-1775,1654,40.9,50,1470,20970,7
,,,119,,,,,,,,,50,1481,20959
,,,120,,,,,,,,,50,1494,20946
,,,121,,,,,,,,,51,1507,20933
,,,122,,,,,,,,,51,1521,20919
,,,123,,,,,,,,,52,1534,20906
,,,124,,,,,,,,,52,1548,20892
,,,125,,,,,,,,,53,1562,20878
,,,126,,,,,,,,,53,1575,20865
,,,127,,,,,,,,,54,1589,20851
,,,128,,,,,,,,,54,1602,20838
,,,129,,,,,,,,,54,1615,20826
,,,130,,,,,,,,,55,1627,20813
,,,131,,,,,,,,,55,1639,20801
,,,132,,,,,,,,,56,1650,20790
,,,133,,,,,,,,,56,1661,20779
,,,134,,,,,,,,,56,1672,20769
,,,135,,,,,,,,,57,1690,20750
,,,136,,,,,,,,,58,1710,20731
,,,137,,,,,,,,,58,1720,20720
,,,138,,,,,,,,,58,1731,20709
,,,139,,,,,,,,,59,1742,20698
,,,140,,,,,,,,,59,1755,20685
,,,141,,,,,,,,,60,1769,20671
,,,142,,,,,,,,,60,1783,20657
,,,143,,,,,,,,,61,1797,20643
,,,144,,,,,,,,,61,1811,20629
,,,145,,,,,,,,,62,1824,20616
,,,146,,,,,,,,,62,1836,20604
,,,147,,,,,,,,,62,1848,20592
,,,148,,,,,,,,,63,1859,20581
,,,149,,,,,,,,,63,1870,20570
,,,150,,,,,,,,,64,1880,20560
,,,151,,,,,,,,,64,1894,20547
,,,152,,,,,,,,,64,1907,20534
,,,153,,,,,,,,,65,1917,20523
,,,154,,,,,,,,,65,1930,20510
,,,155,,,,,,,,,66,1944,20496
,,,156,,,,,,,,,66,1955,20485
,,,157,,,,,,,,,67,1967,20473
,,,158,,,,,,,,,67,1976,20465
,,,159,,,,,,,,,67,1981,20459
,,,160,,,,,,,,,67,1993,20447
,,,161,,,,,,,,,68,2006,20435
,,,162,,,,,,,,,68,2021,20419
,,,163,,,,,,,,,69,2039,20401
9,1,164,6537,17.9,running,5836312,449855,-1887,2147,29.2,70,2055,20386,1
,,,165,,,,,,,,,70,2073,20367
,,,166,,,,,,,,,71,2090,20350
,,,167,,,,,,,,,71,2104,20337
,,,168,,,,,,,,,72,2120,20321
,,,169,,,,,,,,,72,2131,20309
,,,170,,,,,,,,,73,2143,20297
,,,171,,,,,,,,,73,2154,20286
,,,172,,,,,,,,,74,2166,20274
,,,173,,,,,,,,,74,2178,20262
,,,174,,,,,,,,,74,2190,20250
,,,175,,,,,,,,,75,2203,20237
,,,176,,,,,,,,,75,2216,20224
,,,177,,,,,,,,,76,2230,20211
,,,178,,,,,,,,,76,2243,20197
,,,179,,,,,,,,,77,2257,20183
,,,180,,,,,,,,,77,2270,20170
,,,181,,,,,,,,,78,2283,20158
,,,182,,,,,,,,,78,2295,20145
,,,183,,,,,,,,,79,2307,20133
,,,184,,,,,,,,,79,2318,20122
9,1,185,6547,30.1,running,5836111,449695,-2089,1986,27.5,80,2330,20110,8
,,,186,,,,,,,,,80,2342,20098
,,,187,,,,,,,,,80,2354,20087
,,,188,,,,,,,,,81,2366,20074
,,,189,,,,,,,,,81,2379,20062
,,,190,,,,,,,,,82,2392,20048
,,,191,,,,,,,,,82,2404,20036
,,,192,,,,,,,,,82,2416,20024
,,,193,,,,,,,,,83,2429,20011
,,,194,,,,,,,,,83,2442,19998
,,,195,,,,,,,,,84,2454,19986
,,,196,,,,,,,,,84,2466,19974
,,,197,,,,,,,,,85,2478,19962
,,,198,,,,,,,,,85,2489,19951
,,,199,,,,,,,,,86,2508,19932
,,,200,,,,,,,,,86,2525,19915
,,,201,,,,,,,,,87,2546,19894
,,,202,,,,,,,,,87,2556,19884
,,,203,,,,,,,,,88,2567,19874
,,,204,,,,,,,,,88,2585,19855
,,,205,,,,,,,,,89,2603,19837
,,,206,,,,,,,,,89,2621,19819
,,,207,,,,,,,,,90,2633,19807
,,,208,,,,,,,,,90,2645,19795
,,,209,,,,,,,,,91,2658,19783
,,,210,,,,,,,,,91,2671,19770
,,,211,,,,,,,,,92,2683,19757
,,,212,,,,,,,,,92,2695,19745
,,,213,,,,,,,,,92,2708,19732
,,,214,,,,,,,,,93,2720,19720
,,,215,,,,,,,,,93,2731,19709
,,,216,,,,,,,,,94,2743,19697
,,,217,,,,,,,,,94,2755,19686
,,,218,,,,,,,,,94,2766,19674
,,,219,,,,,,,,,95,2778,19662
,,,220,,,,,,,,,95,2790,19650
,,,221,,,,,,,,,96,2802,19639
,,,222,,,,,,,,,96,2813,19627
,,,223,,,,,,,,,96,2825,19615
,,,224,,,,,,,,,97,2838,19602
,,,225,,,,,,,,,97,2851,19590
,,,226,,,,,,,,,98,2863,19577
,,,227,,,,,,,,,98,2876,19564
,,,228,,,,,,,,,99,2889,19551
,,,229,,,,,,,,,99,2902,19538
9,1,230,6567,41.3,running,5835759,449616,-2440,1907,29.3,100,2917,19523,5
,,,231,,,,,,,,,100,2931,19509
,,,232,,,,,,,,,100,2945,19495
,,,233,,,,,,,,,101,2958,19482
,,,234,,,,,,,,,101,2972,19468
,,,235,,,,,,,,,102,2985,19455
,,,236,,,,,,,,,102,2997,19443
,,,237,,,,,,,,,102,3009,19431
,,,238,,,,,,,,,103,3021,19419
,,,239,,,,,,,,,103,3033,19407
,,,240,,,,,,,,,104,3046,19394
,,,241,,,,,,,,,104,3059,19381
,,,242,,,,,,,,,104,3072,19368
,,,243,,,,,,,,,105,3085,19355
,,,244,,,,,,,,,105,3098,19342
,,,245,,,,,,,,,106,3110,19330
,,,246,,,,,,,,,106,3122,19318
,,,247,,,,,,,,,106,3135,19305
,,,248,,,,,,,,,107,3147,19293
,,,249,,,,,,,,,107,3158,19282
,,,250,,,,,,,,,108,3168,19272
,,,251,,,,,,,,,108,3180,19261
,,,252,,,,,,,,,108,3191,19249
,,,253,,,,,,,,,109,3204,19237
,,,254,,,,,,,,,109,3216,19225
9,1,255,6577,29.6,running,5835581,449853,-2618,2144,31.2,110,3229,19211,6
,,,256,,,,,,,,,110,3242,19198
,,,257,,,,,,,,,110,3254,19186
,,,258,,,,,,,,,111,3265,19175
,,,259,,,,,,,,,111,3276,19164
,,,260,,,,,,,,,111,3293,19147
,,,261,,,,,,,,,112,3305,19136
,,,262,,,,,,,,,112,3317,19123
,,,263,,,,,,,,,112,3319,19122
,,,264,,,,,,,,,113,3330,19110
,,,265,,,,,,,,,113,3349,19091
,,,266,,,,,,,,,113,3360,19080
,,,267,,,,,,,,,114,3372,19068
,,,268,,,,,,,,,114,3385,19055
,,,269,,,,,,,,,115,3397,19043
,,,270,,,,,,,,,115,3411,19030
,,,271,,,,,,,,,115,3424,19016
,,,272,,,,,,,,,116,3437,19003
,,,273,,,,,,,,,116,3450,18990
,,,274,,,,,,,,,117,3462,18978
,,,275,,,,,,,,,117,3474,18966
,,,276,,,,,,,,,117,3486,18954
,,,277,,,,,,,,,118,3500,18940
,,,278,,,,,,,,,118,3514,18926
,,,279,,,,,,,,,119,3527,18913
,,,280,,,,,,,,,119,3540,18900
,,,281,,,,,,,,,119,3552,18888
,,,282,,,,,,,,,120,3565,18876
,,,283,,,,,,,,,120,3578,18863
,,,284,,,,,,,,,121,3591,18849
,,,285,,,,,,,,,121,3606,18834
,,,286,,,,,,,,,121,3621,18820
,,,287,,,,,,,,,122,3635,18805
,,,288,,,,,,,,,122,3650,18790
,,,289,,,,,,,,,123,3664,18776
,,,290,,,,,,,,,123,3678,18762
,,,291,,,,,,,,,124,3693,18747
,,,292,,,,,,,,,124,3707,18733
,,,293,,,,,,,,,125,3721,18719
,,,294,,,,,,,,,125,3735,18705
,,,295,,,,,,,,,125,3749,18691
,,,296,,,,,,,,,126,3763,18677
,,,297,,,,,,,,,126,3777,18663
,,,298,,,,,,,,,127,3791,18649
,,,299,,,,,,,,,127,3803,18637
,,,300,,,,,,,,,127,3815,18625
,,,301,,,,,,,,,128,3826,18615
,,,302,,,,,,,,,128,3842,18598
,,,303,,,,,,,,,129,3852,18588
,,,304,,,,,,,,,129,3866,18574
9,1,305,6597,25.9,running,5835260,449423,-2940,1714,32.7,130,3883,18557,2
,,,306,,,,,,,,,130,3895,18545
,,,307,,,,,,,,,130,3908,18533
,,,308,,,,,,,,,131,3922,18518
,,,309,,,,,,,,,132,3936,18504
,,,310,,,,,,,,,132,3951,18489
,,,311,,,,,,,,,133,3966,18474
,,,312,,,,,,,,,133,3981,18459
,,,313,,,,,,,,,134,3995,18445
,,,314,,,,,,,,,134,4009,18432
,,,315,,,,,,,,,135,4022,18418
,,,316,,,,,,,,,136,4034,18406
,,,317,,,,,,,,,136,4045,18395
,,,318,,,,,,,,,137,4061,18379
,,,319,,,,,,,,,137,4072,18368
,,,320,,,,,,,,,137,4083,18357
,,,321,,,,,,,,,138,4096,18344
,,,322,,,,,,,,,138,4108,18332
,,,323,,,,,,,,,139,4119,18321
,,,324,,,,,,,,,139,4134,18307
,,,325,,,,,,,,,140,4150,18291
,,,326,,,,,,,,,141,4165,18276
,,,327,,,,,,,,,141,4179,18261
,,,328,,,,,,,,,142,4192,18248
,,,329,,,,,,,,,142,4206,18235
,,,330,,,,,,,,,143,4219,18221
,,,331,,,,,,,,,143,4233,18207
,,,332,,,,,,,,,144,4247,18193
,,,333,,,,,,,,,145,4261,18179
,,,334,,,,,,,,,145,4274,18166
,,,335,,,,,,,,,146,4287,18153
,,,336,,,,,,,,,146,4300,18140
,,,337,,,,,,,,,147,4313,18127
,,,338,,,,,,,,,147,4326,18115
,,,339,,,,,,,,,148,4339,18101
,,,340,,,,,,,,,148,4351,18089
,,,341,,,,,,,,,149,4363,18077
,,,342,,,,,,,,,149,4374,18066
9,1,343,6617,33.9,running,5835175,449229,-3024,1520,25.0,150,4385,18055,3
,,,344,,,,,,,,,150,4395,18045
,,,345,,,,,,,,,150,4407,18034
,,,346,,,,,,,,,151,4427,18013
,,,347,,,,,,,,,152,4442,17998
,,,348,,,,,,,,,152,4451,17989
,,,349,,,,,,,,,153,4468,17973
,,,350,,,,,,,,,154,4486,17954
,,,351,,,,,,,,,154,4498,17942
,,,352,,,,,,,,,155,4510,17931
,,,353,,,,,,,,,155,4521,17919
,,,354,,,,,,,,,156,4531,17909
,,,355,,,,,,,,,156,4552,17889
,,,356,,,,,,,,,157,4571,17870
,,,357,,,,,,,,,158,4591,17849
,,,358,,,,,,,,,158,4601,17839
,,,359,,,,,,,,,159,4611,17829
,,,360,,,,,,,,,159,4622,17818
,,,361,,,,,,,,,160,4632,17808
,,,362,,,,,,,,,160,4642,17798
,,,363,,,,,,,,,161,4663,17777
9,1,364,6629,30.7,running,5835222,449098,-2977,1389,24.1,162,4675,17765,4
,,,365,,,,,,,,,162,4688,17753
,,,366,,,,,,,,,162,4700,17740
,,,367,,,,,,,,,163,4713,17728
,,,368,,,,,,,,,163,4726,17714
,,,369,,,,,,,,,164,4738,17702
,,,370,,,,,,,,,164,4752,17688
,,,371,,,,,,,,,165,4765,17675
,,,372,,,,,,,,,165,4779,17662
,,,373,,,,,,,,,166,4792,17648
,,,374,,,,,,,,,166,4804,17636
,,,375,,,,,,,,,167,4817,17623
,,,376,,,,,,,,,167,4830,17611
,,,377,,,,,,,,,167,4841,17600
,,,378,,,,,,,,,168,4851,17589
,,,379,,,,,,,,,168,4862,17578
,,,380,,,,,,,,,169,4872,17568
,,,381,,,,,,,,,169,4884,17556
,,,382,,,,,,,,,169,4897,17543
,,,383,,,,,,,,,170,4910,17530
,,,384,,,,,,,,,170,4923,17517
,,,385,,,,,,,,,171,4935,17505
,,,386,,,,,,,,,171,4947,17493
,,,387,,,,,,,,,172,4959,17481
,,,388,,,,,,,,,172,4970,17470
,,,389,,,,,,,,,172,4980,17460
,,,390,,,,,,,,,173,4993,17447
,,,391,,,,,,,,,173,5007,17433
,,,392,,,,,,,,,174,5018,17422
,,,393,,,,,,,,,175,5039,17401
,,,394,,,,,,,,,175,5051,17389
,,,395,,,,,,,,,176,5071,17369
,,,396,,,,,,,,,176,5088,17352
,,,397,,,,,,,,,177,5104,17336
,,,398,,,,,,,,,177,5120,17320
,,,399,,,,,,,,,178,5135,17306
,,,400,,,,,,,,,179,5149,17291
,,,401,,,,,,,,,179,5164,17277
,,,402,,,,,,,,,180,5177,17263
,,,403,,,,,,,,,180,5191,17249
,,,404,,,,,,,,,180,5204,17236
,,,405,,,,,,,,,181,5217,17223
,,,406,,,,,,,,,181,5231,17210
,,,407,,,,,,,,,182,5244,17196
,,,408,,,,,,,,,182,5258,17183
,,,409,,,,,,,,,183,5272,17168
,,,410,,,,,,,,,183,5286,17154
,,,411,,,,,,,,,184,5300,17140
,,,412,,,,,,,,,184,5314,17126
,,,413,,,,,,,,,185,5328,17112
9,1,414,6653,36.0,running,5835154,448714,-3046,1005,27.8,186,5343,17097,4
,,,415,,,,,,,,,186,5358,17082
,,,416,,,,,,,,,186,5372,17068
,,,417,,,,,,,,,187,5385,17055
,,,418,,,,,,,,,187,5398,17042
,,,419,,,,,,,,,187,5411,17029
,,,420,,,,,,,,,188,5423,17017
,,,421,,,,,,,,,188,5435,17005
,,,422,,,,,,,,,189,5447,16993
,,,423,,,,,,,,,189,5459,16981
,,,424,,,,,,,,,189,5471,16969
,,,425,,,,,,,,,190,5482,16958
,,,426,,,,,,,,,190,5493,16947
,,,427,,,,,,,,,190,5504,16936
,,,428,,,,,,,,,191,5516,16924
,,,429,,,,,,,,,191,5528,16912
,,,430,,,,,,,,,191,5540,16900
,,,431,,,,,,,,,192,5553,16887
,,,432,,,,,,,,,192,5565,16875
,,,433,,,,,,,,,192,5577,16863
,,,434,,,,,,,,,193,5589,16851
,,,435,,,,,,,,,193,5601,16839
,,,436,,,,,,,,,193,5613,16828
,,,437,,,,,,,,,194,5624,16816
,,,438,,,,,,,,,194,5636,16804
,,,439,,,,,,,,,194,5648,16792
,,,440,,,,,,,,,195,5660,16780
,,,441,,,,,,,,,195,5673,16767
9,1,442,6663,39.1,running,5834977,448433,-3223,724,34.1,196,5685,16755,3
,,,443,,,,,,,,,196,5697,16743
,,,444,,,,,,,,,196,5709,16731
,,,445,,,,,,,,,196,5721,16720
,,,446,,,,,,,,,197,5733,16707
,,,447,,,,,,,,,197,5745,16695
,,,448,,,,,,,,,197,5757,16683
,,,449,,,,,,,,,197,5769,16671
,,,450,,,,,,,,,198,5782,16659
,,,451,,,,,,,,,198,5795,16645
,,,452,,,,,,,,,198,5808,16633
,,,453,,,,,,,,,199,5821,16619
,,,454,,,,,,,,,199,5834,16606
,,,455,,,,,,,,,199,5847,16593
,,,456,,,,,,,,,199,5860,16580
,,,457,,,,,,,,,200,5873,16567
,,,458,,,,,,,,,200,5886,16554
,,,459,,,,,,,,,200,5899,16542
,,,460,,,,,,,,,201,5911,16529
,,,461,,,,,,,,,201,5924,16516
,,,462,,,,,,,,,201,5935,16505
,,,463,,,,,,,,,201,5948,16492
,,,464,,,,,,,,,202,5960,16480
,,,465,,,,,,,,,202,5974,16466
,,,466,,,,,,,,,202,5987,16453
,,,467,,,,,,,,,203,6001,16439
,,,468,,,,,,,,,203,6014,16426
,,,469,,,,,,,,,203,6027,16413
,,,470,,,,,,,,,204,6041,16400
,,,471,,,,,,,,,204,6054,16386
,,,472,,,,,,,,,204,6067,16373
,,,473,,,,,,,,,204,6082,16359
,,,474,,,,,,,,,205,6096,16345
,,,475,,,,,,,,,205,6110,16330
,,,476,,,,,,,,,205,6124,16316
,,,477,,,,,,,,,206,6139,16301
,,,478,,,,,,,,,206,6153,16288
,,,479,,,,,,,,,206,6166,16274
,,,480,,,,,,,,,207,6178,16262
,,,481,,,,,,,,,207,6190,16250
,,,482,,,,,,,,,207,6201,16240
,,,483,,,,,,,,,207,6211,16229
,,,484,,,,,,,,,208,6230,16210
,,,485,,,,,,,,,208,6246,16194
,,,486,,,,,,,,,208,6256,16184
,,,487,,,,,,,,,209,6263,16177
,,,488,,,,,,,,,209,6274,16166
,,,489,,,,,,,,,209,6288,16152
,,,490,,,,,,,,,209,6303,16137
,,,491,,,,,,,,,210,6321,16119
,,,492,,,,,,,,,210,6341,16099
,,,493,,,,,,,,,211,6352,16088
,,,494,,,,,,,,,211,6365,16076
,,,495,,,,,,,,,211,6379,16061
,,,496,,,,,,,,,212,6393,16047
,,,497,,,,,,,,,212,6407,16033
,,,498,,,,,,,,,212,6422,16018
,,,499,,,,,,,,,212,6435,16005
,,,500,,,,,,,,,213,6449,15991
,,,501,,,,,,,,,213,6463,15977
,,,502,,,,,,,,,213,6477,15963
,,,503,,,,,,,,,214,6491,15949
,,,504,,,,,,,,,214,6505,15935
,,,505,,,,,,,,,214,6520,15920
,,,506,,,,,,,,,215,6536,15904
,,,507,,,,,,,,,215,6553,15888
9,1,508,6683,49.9,running,5834194,448074,-4005,365,44.2,216,6570,15870,5
,,,509,,,,,,,,,216,6591,15849
,,,510,,,,,,,,,217,6610,15830
,,,511,,,,,,,,,217,6629,15811
,,,512,,,,,,,,,218,6647,15793
,,,513,,,,,,,,,218,6664,15776
,,,514,,,,,,,,,219,6680,15760
,,,515,,,,,,,,,219,6696,15744
,,,516,,,,,,,,,220,6710,15730
,,,517,,,,,,,,,220,6723,15717
,,,518,,,,,,,,,220,6736,15705
,,,519,,,,,,,,,221,6747,15693
,,,520,,,,,,,,,221,6758,15682
,,,521,,,,,,,,,221,6769,15671
,,,522,,,,,,,,,222,6787,15653
,,,523,,,,,,,,,222,6801,15639
,,,524,,,,,,,,,223,6811,15629
,,,525,,,,,,,,,223,6822,15618
,,,526,,,,,,,,,224,6838,15602
,,,527,,,,,,,,,224,6858,15583
,,,528,,,,,,,,,224,6868,15572
,,,529,,,,,,,,,225,6880,15561
,,,530,,,,,,,,,225,6891,15549
9,1,531,6693,26.1,running,5833916,447950,-4283,241,33.3,226,6903,15537,5
,,,532,,,,,,,,,226,6916,15525
,,,533,,,,,,,,,226,6927,15513
,,,534,,,,,,,,,227,6938,15502
,,,535,,,,,,,,,227,6956,15484
,,,536,,,,,,,,,228,6968,15472
,,,537,,,,,,,,,228,6979,15461
,,,538,,,,,,,,,229,6991,15449
,,,539,,,,,,,,,229,7006,15434
,,,540,,,,,,,,,230,7018,15422
,,,541,,,,,,,,,230,7030,15410
,,,542,,,,,,,,,231,7043,15397
,,,543,,,,,,,,,231,7054,15386
,,,544,,,,,,,,,231,7066,15374
,,,545,,,,,,,,,232,7083,15357
,,,546,,,,,,,,,233,7100,15340
,,,547,,,,,,,,,233,7121,15319
,,,548,,,,,,,,,234,7132,15308
,,,549,,,,,,,,,234,7143,15297
,,,550,,,,,,,,,235,7154,15286
,,,551,,,,,,,,,235,7166,15274
,,,552,,,,,,,,,236,7178,15263
,,,553,,,,,,,,,236,7190,15251
,,,554,,,,,,,,,236,7201,15239
,,,555,,,,,,,,,237,7214,15227
,,,556,,,,,,,,,237,7227,15213
,,,557,,,,,,,,,238,7240,15200
,,,558,,,,,,,,,238,7255,15185
,,,559,,,,,,,,,239,7271,15169
,,,560,,,,,,,,,240,7285,15155
,,,561,,,,,,,,,240,7299,15141
,,,562,,,,,,,,,241,7312,15128
,,,563,,,,,,,,,241,7326,15114
,,,564,,,,,,,,,241,7336,15104
,,,565,,,,,,,,,242,7350,15091
,,,566,,,,,,,,,242,7362,15078
,,,567,,,,,,,,,243,7374,15066
,,,568,,,,,,,,,243,7387,15053
,,,569,,,,,,,,,244,7403,15037
,,,570,,,,,,,,,244,7416,15024
,,,571,,,,,,,,,245,7436,15004
9,1,572,6713,21.9,running,5834313,447757,-3886,48,27.2,246,7448,14992,11
,,,573,,,,,,,,,246,7460,14980
,,,574,,,,,,,,,246,7471,14969
,,,575,,,,,,,,,247,7484,14957
,,,576,,,,,,,,,247,7495,14945
,,,577,,,,,,,,,248,7507,14933
,,,578,,,,,,,,,248,7518,14922
,,,579,,,,,,,,,249,7529,14911
,,,580,,,,,,,,,249,7541,14899
,,,581,,,,,,,,,250,7556,14884
,,,582,,,,,,,,,250,7567,14873
,,,583,,,,,,,,,251,7580,14860
,,,584,,,,,,,,,251,7593,14847
,,,585,,,,,,,,,252,7608,14832
,,,586,,,,,,,,,252,7622,14818
,,,587,,,,,,,,,253,7636,14804
,,,588,,,,,,,,,253,7649,14791
,,,589,,,,,,,,,254,7660,14780
,,,590,,,,,,,,,254,7671,14769
,,,591,,,,,,,,,255,7682,14758
,,,592,,,,,,,,,255,7693,14747
,,,593,,,,,,,,,255,7704,14736
,,,594,,,,,,,,,256,7714,14726
,,,595,,,,,,,,,256,7725,14715
,,,596,,,,,,,,,257,7735,14705
,,,597,,,,,,,,,257,7746,14694
,,,598,,,,,,,,,257,7756,14684
,,,599,,,,,,,,,258,7765,14675
,,,600,,,,,,,,,258,7783,14657
,,,601,,,,,,,,,259,7804,14636
,,,602,,,,,,,,,260,7818,14622
,,,603,,,,,,,,,260,7833,14607
,,,604,,,,,,,,,261,7846,14594
,,,605,,,,,,,,,261,7856,14584
,,,606,,,,,,,,,262,7867,14573
,,,607,,,,,,,,,262,7878,14562
,,,608,,,,,,,,,262,7888,14553
,,,609,,,,,,,,,263,7899,14541
,,,610,,,,,,,,,263,7913,14528
,,,611,,,,,,,,,264,7929,14511
,,,612,,,,,,,,,265,7957,14484
9,1,613,6733,37.7,running,5834367,447666,-3832,-42,25.9,266,7967,14473,35
,,,614,,,,,,,,,266,7978,14462
,,,615,,,,,,,,,266,7989,14451
,,,616,,,,,,,,,267,8008,14432
,,,617,,,,,,,,,267,8025,14415
,,,618,,,,,,,,,268,8041,14399
,,,619,,,,,,,,,268,8059,14381
,,,620,,,,,,,,,269,8079,14362
,,,621,,,,,,,,,269,8101,14340
,,,622,,,,,,,,,270,8122,14318
,,,623,,,,,,,,,270,8142,14298
,,,624,,,,,,,,,271,8157,14283
,,,625,,,,,,,,,271,8171,14269
,,,626,,,,,,,,,271,8186,14254
,,,627,,,,,,,,,272,8200,14240
,,,628,,,,,,,,,272,8212,14228
,,,629,,,,,,,,,273,8225,14215
,,,630,,,,,,,,,273,8238,14202
,,,631,,,,,,,,,273,8251,14189
,,,632,,,,,,,,,274,8261,14179
,,,633,,,,,,,,,274,8273,14168
,,,634,,,,,,,,,274,8282,14158
,,,635,,,,,,,,,274,8295,14145
,,,636,,,,,,,,,275,8306,14134
,,,637,,,,,,,,,275,8320,14120
9,1,638,6743,27.4,running,5834018,447570,-4182,-138,36.5,276,8332,14108,3
,,,639,,,,,,,,,276,8343,14097
,,,640,,,,,,,,,276,8352,14088
,,,641,,,,,,,,,276,8362,14078
,,,642,,,,,,,,,277,8379,14062
,,,643,,,,,,,,,278,8414,14026
,,,644,,,,,,,,,279,8447,13993
,,,645,,,,,,,,,280,8473,13967
,,,646,,,,,,,,,281,8508,13933
,,,647,,,,,,,,,282,8538,13902
,,,648,,,,,,,,,283,8552,13889
,,,649,,,,,,,,,283,8567,13874
,,,650,,,,,,,,,283,8579,13861
,,,651,,,,,,,,,284,8592,13848
,,,652,,,,,,,,,284,8603,13837
,,,653,,,,,,,,,285,8616,13824
,,,654,,,,,,,,,285,8627,13814
,,,655,,,,,,,,,285,8639,13801
,,,656,,,,,,,,,286,8665,13775
,,,657,,,,,,,,,287,8677,13763
,,,658,,,,,,,,,287,8688,13753
,,,659,,,,,,,,,287,8703,13737
,,,660,,,,,,,,,288,8723,13717
,,,661,,,,,,,,,289,8742,13698
,,,662,,,,,,,,,289,8756,13684
,,,663,,,,,,,,,290,8768,13672
,,,664,,,,,,,,,290,8777,13663
,,,665,,,,,,,,,290,8784,13656
,,,666,,,,,,,,,290,8797,13643
,,,667,,,,,,,,,291,8809,13631
,,,668,,,,,,,,,291,8825,13615
,,,669,,,,,,,,,292,8835,13605
,,,670,,,,,,,,,292,8846,13595
,,,671,,,,,,,,,292,8857,13583
,,,672,,,,,,,,,293,8867,13573
,,,673,,,,,,,,,293,8883,13558
,,,674,,,,,,,,,294,8898,13542
,,,675,,,,,,,,,294,8909,13532
,,,676,,,,,,,,,294,8919,13521
,,,677,,,,,,,,,295,8930,13510
,,,678,,,,,,,,,295,8941,13499
9,1,679,6763,31.4,running,5834419,447507,-3780,-200,31.0,296,8953,13487,9
,,,680,,,,,,,,,296,8965,13475
,,,681,,,,,,,,,296,8977,13463
,,,682,,,,,,,,,297,8989,13452
,,,683,,,,,,,,,297,9001,13439
,,,684,,,,,,,,,297,9013,13427
,,,685,,,,,,,,,298,9025,13415
,,,686,,,,,,,,,298,9038,13402
,,,687,,,,,,,,,299,9049,13392
,,,688,,,,,,,,,299,9060,13380
,,,689,,,,,,,,,299,9072,13368
,,,690,,,,,,,,,300,9083,13357
,,,691,,,,,,,,,300,9098,13343
,,,692,,,,,,,,,301,9111,13330
,,,693,,,,,,,,,301,9123,13317
,,,694,,,,,,,,,301,9134,13306
,,,695,,,,,,,,,302,9146,13294
,,,696,,,,,,,,,302,9158,13282
,,,697,,,,,,,,,302,9171,13269
,,,698,,,,,,,,,303,9184,13257
,,,699,,,,,,,,,303,9195,13245
,,,700,,,,,,,,,304,9209,13231
,,,701,,,,,,,,,304,9220,13220
,,,702,,,,,,,,,304,9231,13209
,,,703,,,,,,,,,305,9242,13198
,,,704,,,,,,,,,305,9254,13186
9,1,705,6773,14.0,running,5834714,447412,-3485,-296,31.1,306,9265,13175,4
Car Id,Tramo Id,UTM Index,Car Time,Speed,Status,Utm X,Utm Y,Norm X,Norm Y,Avg Speed,Track Time,Distance,Remaining Distance,Error
9,1,1,6467,0.0,start,5836366,448334,-1834,625,-1.0,0,0,22441,156
,,,2,,,,,,,,,0,13,22427
,,,3,,,,,,,,,1,25,22415
,,,4,,,,,,,,,2,40,22400
,,,5,,,,,,,,,3,61,22379
,,,6,,,,,,,,,3,73,22367
,,,7,,,,,,,,,4,85,22355
,,,8,,,,,,,,,5,97,22343
,,,9,,,,,,,,,5,110,22330
,,,10,,,,,,,,,6,123,22317
,,,11,,,,,,,,,7,135,22305
,,,12,,,,,,,,,8,148,22292
,,,13,,,,,,,,,8,160,22280
,,,14,,,,,,,,,9,172,22268
9,1,15,6477,33.6,running,5836268,448460,-1932,751,18.4,10,184,22257,3
,,,16,,,,,,,,,10,195,22245
,,,17,,,,,,,,,10,206,22234
,,,18,,,,,,,,,11,218,22222
,,,19,,,,,,,,,11,231,22209
,,,20,,,,,,,,,12,243,22197
,,,21,,,,,,,,,12,254,22186
,,,22,,,,,,,,,12,265,22175
,,,23,,,,,,,,,13,276,22164
,,,24,,,,,,,,,13,287,22153
,,,25,,,,,,,,,13,299,22141
,,,26,,,,,,,,,14,310,22130
,,,27,,,,,,,,,14,323,22118
,,,28,,,,,,,,,15,335,22105
,,,29,,,,,,,,,15,349,22092
,,,30,,,,,,,,,16,362,22078
,,,31,,,,,,,,,16,375,22065
,,,32,,,,,,,,,17,389,22052
,,,33,,,,,,,,,17,402,22039
,,,34,,,,,,,,,17,414,22026
,,,35,,,,,,,,,18,425,22015
,,,36,,,,,,,,,18,436,22004
,,,37,,,,,,,,,19,447,21993
,,,38,,,,,,,,,19,458,21982
,,,39,,,,,,,,,19,472,21969
,,,40,,,,,,,,,20,485,21955
,,,41,,,,,,,,,20,498,21942
,,,42,,,,,,,,,21,510,21930
,,,43,,,,,,,,,21,523,21917
,,,44,,,,,,,,,22,536,21904
,,,45,,,,,,,,,22,548,21892
,,,46,,,,,,,,,22,561,21879
,,,47,,,,,,,,,23,573,21867
,,,48,,,,,,,,,23,585,21855
,,,49,,,,,,,,,24,597,21843
,,,50,,,,,,,,,24,609,21831
,,,51,,,,,,,,,24,620,21820
,,,52,,,,,,,,,25,632,21808
,,,53,,,,,,,,,25,643,21797
,,,54,,,,,,,,,26,654,21786
,,,55,,,,,,,,,26,665,21775
,,,56,,,,,,,,,26,676,21764
,,,57,,,,,,,,,27,686,21755
,,,58,,,,,,,,,27,699,21742
,,,59,,,,,,,,,28,711,21730
,,,60,,,,,,,,,28,723,21717
,,,61,,,,,,,,,28,735,21705
,,,62,,,,,,,,,29,747,21693
,,,63,,,,,,,,,29,759,21681
,,,64,,,,,,,,,30,770,21670
,,,65,,,,,,,,,30,782,21658
,,,66,,,,,,,,,30,794,21646
,,,67,,,,,,,,,31,807,21634
,,,68,,,,,,,,,31,819,21621
,,,69,,,,,,,,,32,831,21609
,,,70,,,,,,,,,32,843,21597
,,,71,,,,,,,,,32,856,21585
,,,72,,,,,,,,,33,868,21572
,,,73,,,,,,,,,33,880,21560
,,,74,,,,,,,,,34,893,21548
,,,75,,,,,,,,,34,905,21535
,,,76,,,,,,,,,35,917,21523
,,,77,,,,,,,,,35,930,21510
,,,78,,,,,,,,,35,943,21498
,,,79,,,,,,,,,36,955,21485
,,,80,,,,,,,,,36,968,21472
,,,81,,,,,,,,,37,980,21460
,,,82,,,,,,,,,37,992,21448
,,,83,,,,,,,,,38,1003,21437
,,,84,,,,,,,,,38,1013,21427
,,,85,,,,,,,,,39,1032,21409
,,,86,,,,,,,,,39,1050,21390
9,1,87,6507,26.3,running,5836108,449109,-2091,1400,29.2,40,1060,21380,8
,,,88,,,,,,,,,40,1071,21369
,,,89,,,,,,,,,40,1082,21358
,,,90,,,,,,,,,40,1096,21344
,,,91,,,,,,,,,41,1111,21330
,,,92,,,,,,,,,41,1124,21316
,,,93,,,,,,,,,41,1139,21301
,,,94,,,,,,,,,42,1154,21287
,,,95,,,,,,,,,42,1168,21272
,,,96,,,,,,,,,42,1182,21258
,,,97,,,,,,,,,43,1196,21244
,,,98,,,,,,,,,43,1210,21230
,,,99,,,,,,,,,43,1224,21216
,,,100,,,,,,,,,44,1238,21203
,,,101,,,,,,,,,44,1251,21189
,,,102,,,,,,,,,44,1265,21175
,,,103,,,,,,,,,45,1278,21162
,,,104,,,,,,,,,45,1291,21149
,,,105,,,,,,,,,45,1305,21135
,,,106,,,,,,,,,46,1319,21121
,,,107,,,,,,,,,46,1331,21109
,,,108,,,,,,,,,46,1344,21096
,,,109,,,,,,,,,47,1356,21084
,,,110,,,,,,,,,47,1367,21073
,,,111,,,,,,,,,47,1379,21061
,,,112,,,,,,,,,48,1390,21050
,,,113,,,,,,,,,48,1401,21039
,,,114,,,,,,,,,48,1420,21020
,,,115,,,,,,,,,49,1431,21009
,,,116,,,,,,,,,49,1437,21004
,,,117,,,,,,,,,49,1452,20988
9,1,118,6517,45.8,running,5836424,449363,-1775,1654,40.9,50,1470,20970,7
,,,119,,,,,,,,,50,1481,20959
,,,120,,,,,,,,,50,1494,20946
,,,121,,,,,,,,,51,1507,20933
,,,122,,,,,,,,,51,1521,20919
,,,123,,,,,,,,,52,1534,20906
,,,124,,,,,,,,,52,1548,20892
,,,125,,,,,,,,,53,1562,20878
,,,126,,,,,,,,,53,1575,20865
,,,127,,,,,,,,,54,1589,20851
,,,128,,,,,,,,,54,1602,20838
,,,129,,,,,,,,,54,1615,20826
,,,130,,,,,,,,,55,1627,20813
,,,131,,,,,,,,,55,1639,20801
,,,132,,,,,,,,,56,1650,20790
,,,133,,,,,,,,,56,1661,20779
,,,134,,,,,,,,,56,1672,20769
,,,135,,,,,,,,,57,1690,20750
,,,136,,,,,,,,,58,1710,20731
,,,137,,,,,,,,,58,1720,20720
,,,138,,,,,,,,,58,1731,20709
,,,139,,,,,,,,,59,1742,20698
,,,140,,,,,,,,,59,1755,20685
,,,141,,,,,,,,,60,1769,20671
,,,142,,,,,,,,,60,1783,20657
,,,143,,,,,,,,,61,1797,20643
,,,144,,,,,,,,,61,1811,20629
,,,145,,,,,,,,,62,1824,20616
,,,146,,,,,,,,,62,1836,20604
,,,147,,,,,,,,,62,1848,20592
,,,148,,,,,,,,,63,1859,20581
,,,149,,,,,,,,,63,1870,20570
,,,150,,,,,,,,,64,1880,20560
,,,151,,,,,,,,,64,1894,20547
,,,152,,,,,,,,,64,1907,20534
,,,153,,,,,,,,,65,1917,20523
,,,154,,,,,,,,,65,1930,20510
,,,155,,,,,,,,,66,1944,20496
,,,156,,,,,,,,,66,1955,20485
,,,157,,,,,,,,,67,1967,20473
,,,158,,,,,,,,,67,1976,20465
,,,159,,,,,,,,,67,1981,20459
,,,160,,,,,,,,,67,1993,20447
,,,161,,,,,,,,,68,2006,20435
,,,162,,,,,,,,,68,2021,20419
,,,163,,,,,,,,,69,2039,20401
9,1,164,6537,17.9,running,5836312,449855,-1887,2147,29.2,70,2055,20386,1
,,,165,,,,,,,,,70,2073,20367
,,,166,,,,,,,,,71,2090,20350
,,,167,,,,,,,,,71,2104,20337
,,,168,,,,,,,,,72,2120,20321
,,,169,,,,,,,,,72,2131,20309
,,,170,,,,,,,,,73,2143,20297
,,,171,,,,,,,,,73,2154,20286
,,,172,,,,,,,,,74,2166,20274
,,,173,,,,,,,,,74,2178,20262
,,,174,,,,,,,,,74,2190,20250
,,,175,,,,,,,,,75,2203,20237
,,,176,,,,,,,,,75,2216,20224
,,,177,,,,,,,,,76,2230,20211
,,,178,,,,,,,,,76,2243,20197
,,,179,,,,,,,,,77,2257,20183
,,,180,,,,,,,,,77,2270,20170
,,,181,,,,,,,,,78,2283,20158
,,,182,,,,,,,,,78,2295,20145
,,,183,,,,,,,,,79,2307,20133
,,,184,,,,,,,,,79,2318,20122
9,1,185,6547,30.1,running,5836111,449695,-2089,1986,27.5,80,2330,20110,8
,,,186,,,,,,,,,80,2342,20098
,,,187,,,,,,,,,80,2354,20087
,,,188,,,,,,,,,81,2366,20074
,,,189,,,,,,,,,81,2379,20062
,,,190,,,,,,,,,82,2392,20048
,,,191,,,,,,,,,82,2404,20036
,,,192,,,,,,,,,82,2416,20024
,,,193,,,,,,,,,83,2429,20011
,,,194,,,,,,,,,83,2442,19998
,,,195,,,,,,,,,84,2454,19986
,,,196,,,,,,,,,84,2466,19974
,,,197,,,,,,,,,85,2478,19962
,,,198,,,,,,,,,85,2489,19951
,,,199,,,,,,,,,86,2508,19932
,,,200,,,,,,,,,86,2525,19915
,,,201,,,,,,,,,87,2546,19894
,,,202,,,,,,,,,87,2556,19884
,,,203,,,,,,,,,88,2567,19874
,,,204,,,,,,,,,88,2585,19855
,,,205,,,,,,,,,89,2603,19837
,,,206,,,,,,,,,89,2621,19819
,,,207,,,,,,,,,90,2633,19807
,,,208,,,,,,,,,90,2645,19795
,,,209,,,,,,,,,91,2658,19783
,,,210,,,,,,,,,91,2671,19770
,,,211,,,,,,,,,92,2683,19757
,,,212,,,,,,,,,92,2695,19745
,,,213,,,,,,,,,92,2708,19732
,,,214,,,,,,,,,93,2720,19720
,,,215,,,,,,,,,93,2731,19709
,,,216,,,,,,,,,94,2743,19697
,,,217,,,,,,,,,94,2755,19686
,,,218,,,,,,,,,94,2766,19674
,,,219,,,,,,,,,95,2778,19662
,,,220,,,,,,,,,95,2790,19650
,,,221,,,,,,,,,96,2802,19639
,,,222,,,,,,,,,96,2813,19627
,,,223,,,,,,,,,96,2825,19615
,,,224,,,,,,,,,97,2838,19602
,,,225,,,,,,,,,97,2851,19590
,,,226,,,,,,,,,98,2863,19577
,,,227,,,,,,,,,98,2876,19564
,,,228,,,,,,,,,99,2889,19551
,,,229,,,,,,,,,99,2902,19538
9,1,230,6567,41.3,running,5835759,449616,-2440,1907,29.3,100,2917,19523,5
,,,231,,,,,,,,,100,2931,19509
,,,232,,,,,,,,,100,2945,19495
,,,233,,,,,,,,,101,2958,19482
,,,234,,,,,,,,,101,2972,19468
,,,235,,,,,,,,,102,2985,19455
,,,236,,,,,,,,,102,2997,19443
,,,237,,,,,,,,,102,3009,19431
,,,238,,,,,,,,,103,3021,19419
,,,239,,,,,,,,,103,3033,19407
,,,240,,,,,,,,,104,3046,19394
,,,241,,,,,,,,,104,3059,19381
,,,242,,,,,,,,,104,3072,19368
,,,243,,,,,,,,,105,3085,19355
,,,244,,,,,,,,,105,3098,19342
,,,245,,,,,,,,,106,3110,19330
,,,246,,,,,,,,,106,3122,19318
,,,247,,,,,,,,,106,3135,19305
,,,248,,,,,,,,,107,3147,19293
,,,249,,,,,,,,,107,3158,19282
,,,250,,,,,,,,,108,3168,19272
,,,251,,,,,,,,,108,3180,19261
,,,252,,,,,,,,,108,3191,19249
,,,253,,,,,,,,,109,3204,19237
,,,254,,,,,,,,,109,3216,19225
9,1,255,6577,29.6,running,5835581,449853,-2618,2144,31.2,110,3229,19211,6
,,,256,,,,,,,,,110,3242,19198
,,,257,,,,,,,,,110,3254,19186
,,,258,,,,,,,,,111,3265,19175
,,,259,,,,,,,,,111,3276,19164
,,,260,,,,,,,,,111,3293,19147
,,,261,,,,,,,,,112,3305,19136
,,,262,,,,,,,,,112,3317,19123
,,,263,,,,,,,,,112,3319,19122
,,,264,,,,,,,,,113,3330,19110
,,,265,,,,,,,,,113,3349,19091
,,,266,,,,,,,,,113,3360,19080
,,,267,,,,,,,,,114,3372,19068
,,,268,,,,,,,,,114,3385,19055
,,,269,,,,,,,,,115,3397,19043
,,,270,,,,,,,,,115,3411,19030
,,,271,,,,,,,,,115,3424,19016
,,,272,,,,,,,,,116,3437,19003
,,,273,,,,,,,,,116,3450,18990
,,,274,,,,,,,,,117,3462,18978
,,,275,,,,,,,,,117,3474,18966
,,,276,,,,,,,,,117,3486,18954
,,,277,,,,,,,,,118,3500,18940
,,,278,,,,,,,,,118,3514,18926
,,,279,,,,,,,,,119,3527,18913
,,,280,,,,,,,,,119,3540,18900
,,,281,,,,,,,,,119,3552,18888
,,,282,,,,,,,,,120,3565,18876
,,,283,,,,,,,,,120,3578,18863
,,,284,,,,,,,,,121,3591,18849
,,,285,,,,,,,,,121,3606,18834
,,,286,,,,,,,,,121,3621,18820
,,,287,,,,,,,,,122,3635,18805
,,,288,,,,,,,,,122,3650,18790
,,,289,,,,,,,,,123,3664,18776
,,,290,,,,,,,,,123,3678,18762
,,,291,,,,,,,,,124,3693,18747
,,,292,,,,,,,,,124,3707,18733
,,,293,,,,,,,,,125,3721,18719
,,,294,,,,,,,,,125,3735,18705
,,,295,,,,,,,,,125,3749,18691
,,,296,,,,,,,,,126,3763,18677
,,,297,,,,,,,,,126,3777,18663
,,,298,,,,,,,,,127,3791,18649
,,,299,,,,,,,,,127,3803,18637
,,,300,,,,,,,,,127,3815,18625
,,,301,,,,,,,,,128,3826,18615
,,,302,,,,,,,,,128,3842,18598
,,,303,,,,,,,,,129,3852,18588
,,,304,,,,,,,,,129,3866,18574
9,1,305,6597,25.9,running,5835260,449423,-2940,1714,32.7,130,3883,18557,2
,,,306,,,,,,,,,130,3895,18545
,,,307,,,,,,,,,130,3908,18533
,,,308,,,,,,,,,131,3922,18518
,,,309,,,,,,,,,132,3936,18504
,,,310,,,,,,,,,132,3951,18489
,,,311,,,,,,,,,133,3966,18474
,,,312,,,,,,,,,133,3981,18459
,,,313,,,,,,,,,134,3995,18445
,,,314,,,,,,,,,134,4009,18432
,,,315,,,,,,,,,135,4022,18418
,,,316,,,,,,,,,136,4034,18406
,,,317,,,,,,,,,136,4045,18395
,,,318,,,,,,,,,137,4061,18379
,,,319,,,,,,,,,137,4072,18368
,,,320,,,,,,,,,137,4083,18357
,,,321,,,,,,,,,138,4096,18344
,,,322,,,,,,,,,138,4108,18332
,,,323,,,,,,,,,139,4119,18321
,,,324,,,,,,,,,139,4134,18307
,,,325,,,,,,,,,140,4150,18291
,,,326,,,,,,,,,141,4165,18276
,,,327,,,,,,,,,141,4179,18261
,,,328,,,,,,,,,142,4192,18248
,,,329,,,,,,,,,142,4206,18235
,,,330,,,,,,,,,143,4219,18221
,,,331,,,,,,,,,143,4233,18207
,,,332,,,,,,,,,144,4247,18193
,,,333,,,,,,,,,145,4261,18179
,,,334,,,,,,,,,145,4274,18166
,,,335,,,,,,,,,146,4287,18153
,,,336,,,,,,,,,146,4300,18140
,,,337,,,,,,,,,147,4313,18127
,,,338,,,,,,,,,147,4326,18115
,,,339,,,,,,,,,148,4339,18101
,,,340,,,,,,,,,148,4351,18089
,,,341,,,,,,,,,149,4363,18077
,,,342,,,,,,,,,149,4374,18066
9,1,343,6617,33.9,running,5835175,449229,-3024,1520,25.0,150,4385,18055,3
,,,344,,,,,,,,,150,4395,18045
,,,345,,,,,,,,,150,4407,18034
,,,346,,,,,,,,,151,4427,18013
,,,347,,,,,,,,,152,4442,17998
,,,348,,,,,,,,,152,4451,17989
,,,349,,,,,,,,,153,4468,17973
,,,350,,,,,,,,,154,4486,17954
,,,351,,,,,,,,,154,4498,17942
,,,352,,,,,,,,,155,4510,17931
,,,353,,,,,,,,,155,4521,17919
,,,354,,,,,,,,,156,4531,17909
,,,355,,,,,,,,,156,4552,17889
,,,356,,,,,,,,,157,4571,17870
,,,357,,,,,,,,,158,4591,17849
,,,358,,,,,,,,,158,4601,17839
,,,359,,,,,,,,,159,4611,17829
,,,360,,,,,,,,,159,4622,17818
,,,361,,,,,,,,,160,4632,17808
,,,362,,,,,,,,,160,4642,17798
,,,363,,,,,,,,,161,4663,17777
9,1,364,6629,30.7,running,5835222,449098,-2977,1389,24.1,162,4675,17765,4
,,,365,,,,,,,,,162,4688,17753
,,,366,,,,,,,,,162,4700,17740
,,,367,,,,,,,,,163,4713,17728
,,,368,,,,,,,,,163,4726,17714
,,,369,,,,,,,,,164,4738,17702
,,,370,,,,,,,,,164,4752,17688
,,,371,,,,,,,,,165,4765,17675
,,,372,,,,,,,,,165,4779,17662
,,,373,,,,,,,,,166,4792,17648
,,,374,,,,,,,,,166,4804,17636
,,,375,,,,,,,,,167,4817,17623
,,,376,,,,,,,,,167,4830,17611
,,,377,,,,,,,,,167,4841,17600
,,,378,,,,,,,,,168,4851,17589
,,,379,,,,,,,,,168,4862,17578
,,,380,,,,,,,,,169,4872,17568
,,,381,,,,,,,,,169,4884,17556
,,,382,,,,,,,,,169,4897,17543
,,,383,,,,,,,,,170,4910,17530
,,,384,,,,,,,,,170,4923,17517
,,,385,,,,,,,,,171,4935,17505
,,,386,,,,,,,,,171,4947,17493
,,,387,,,,,,,,,172,4959,17481
,,,388,,,,,,,,,172,4970,17470
,,,389,,,,,,,,,172,4980,17460
,,,390,,,,,,,,,173,4993,17447
,,,391,,,,,,,,,173,5007,17433
,,,392,,,,,,,,,174,5018,17422
,,,393,,,,,,,,,175,5039,17401
,,,394,,,,,,,,,175,5051,17389
,,,395,,,,,,,,,176,5071,17369
,,,396,,,,,,,,,176,5088,17352
,,,397,,,,,,,,,177,5104,17336
,,,398,,,,,,,,,177,5120,17320
,,,399,,,,,,,,,178,5135,17306
,,,400,,,,,,,,,179,5149,17291
,,,401,,,,,,,,,179,5164,17277
,,,402,,,,,,,,,180,5177,17263
,,,403,,,,,,,,,180,5191,17249
,,,404,,,,,,,,,180,5204,17236
,,,405,,,,,,,,,181,5217,17223
,,,406,,,,,,,,,181,5231,17210
,,,407,,,,,,,,,182,5244,17196
,,,408,,,,,,,,,182,5258,17183
,,,409,,,,,,,,,183,5272,17168
,,,410,,,,,,,,,183,5286,17154
,,,411,,,,,,,,,184,5300,17140
,,,412,,,,,,,,,184,5314,17126
,,,413,,,,,,,,,185,5328,17112
9,1,414,6653,36.0,running,5835154,448714,-3046,1005,27.8,186,5343,17097,4
,,,415,,,,,,,,,186,5358,17082
,,,416,,,,,,,,,186,5372,17068
,,,417,,,,,,,,,187,5385,17055
,,,418,,,,,,,,,187,5398,17042
,,,419,,,,,,,,,187,5411,17029
,,,420,,,,,,,,,188,5423,17017
,,,421,,,,,,,,,188,5435,17005
,,,422,,,,,,,,,189,5447,16993
,,,423,,,,,,,,,189,5459,16981
,,,424,,,,,,,,,189,5471,16969
,,,425,,,,,,,,,190,5482,16958
,,,426,,,,,,,,,190,5493,16947
,,,427,,,,,,,,,190,5504,16936
,,,428,,,,,,,,,191,5516,16924
,,,429,,,,,,,,,191,5528,16912
,,,430,,,,,,,,,191,5540,16900
,,,431,,,,,,,,,192,5553,16887
,,,432,,,,,,,,,192,5565,16875
,,,433,,,,,,,,,192,5577,16863
,,,434,,,,,,,,,193,5589,16851
,,,435,,,,,,,,,193,5601,16839
,,,436,,,,,,,,,193,5613,16828
,,,437,,,,,,,,,194,5624,16816
,,,438,,,,,,,,,194,5636,16804
,,,439,,,,,,,,,194,5648,16792
,,,440,,,,,,,,,195,5660,16780
,,,441,,,,,,,,,195,5673,16767
9,1,442,6663,39.1,running,5834977,448433,-3223,724,34.1,196,5685,16755,3
,,,443,,,,,,,,,196,5697,16743
,,,444,,,,,,,,,196,5709,16731
,,,445,,,,,,,,,196,5721,16720
,,,446,,,,,,,,,197,5733,16707
,,,447,,,,,,,,,197,5745,16695
,,,448,,,,,,,,,197,5757,16683
,,,449,,,,,,,,,197,5769,16671
,,,450,,,,,,,,,198,5782,16659
,,,451,,,,,,,,,198,5795,16645
,,,452,,,,,,,,,198,5808,16633
,,,453,,,,,,,,,199,5821,16619
,,,454,,,,,,,,,199,5834,16606
,,,455,,,,,,,,,199,5847,16593
,,,456,,,,,,,,,199,5860,16580
,,,457,,,,,,,,,200,5873,16567
,,,458,,,,,,,,,200,5886,16554
,,,459,,,,,,,,,200,5899,16542
,,,460,,,,,,,,,201,5911,16529
,,,461,,,,,,,,,201,5924,16516
,,,462,,,,,,,,,201,5935,16505
,,,463,,,,,,,,,201,5948,16492
,,,464,,,,,,,,,202,5960,16480
,,,465,,,,,,,,,202,5974,16466
,,,466,,,,,,,,,202,5987,16453
,,,467,,,,,,,,,203,6001,16439
,,,468,,,,,,,,,203,6014,16426
,,,469,,,,,,,,,203,6027,16413
,,,470,,,,,,,,,204,6041,16400
,,,471,,,,,,,,,204,6054,16386
,,,472,,,,,,,,,204,6067,16373
,,,473,,,,,,,,,204,6082,16359
,,,474,,,,,,,,,205,6096,16345
,,,475,,,,,,,,,205,6110,16330
,,,476,,,,,,,,,205,6124,16316
,,,477,,,,,,,,,206,6139,16301
,,,478,,,,,,,,,206,6153,16288
,,,479,,,,,,,,,206,6166,16274
,,,480,,,,,,,,,207,6178,16262
,,,481,,,,,,,,,207,6190,16250
,,,482,,,,,,,,,207,6201,16240
,,,483,,,,,,,,,207,6211,16229
,,,484,,,,,,,,,208,6230,16210
,,,485,,,,,,,,,208,6246,16194
,,,486,,,,,,,,,208,6256,16184
,,,487,,,,,,,,,209,6263,16177
,,,488,,,,,,,,,209,6274,16166
,,,489,,,,,,,,,209,6288,16152
,,,490,,,,,,,,,209,6303,16137
,,,491,,,,,,,,,210,6321,16119
,,,492,,,,,,,,,210,6341,16099
,,,493,,,,,,,,,211,6352,16088
,,,494,,,,,,,,,211,6365,16076
,,,495,,,,,,,,,211,6379,16061
,,,496,,,,,,,,,212,6393,16047
,,,497,,,,,,,,,212,6407,16033
,,,498,,,,,,,,,212,6422,16018
,,,499,,,,,,,,,212,6435,16005
,,,500,,,,,,,,,213,6449,15991
,,,501,,,,,,,,,213,6463,15977
,,,502,,,,,,,,,213,6477,15963
,,,503,,,,,,,,,214,6491,15949
,,,504,,,,,,,,,214,6505,15935
,,,505,,,,,,,,,214,6520,15920
,,,506,,,,,,,,,215,6536,15904
,,,507,,,,,,,,,215,6553,15888
9,1,508,6683,49.9,running,5834194,448074,-4005,365,44.2,216,6570,15870,5
,,,509,,,,,,,,,216,6591,15849
,,,510,,,,,,,,,217,6610,15830
,,,511,,,,,,,,,217,6629,15811
,,,512,,,,,,,,,218,6647,15793
,,,513,,,,,,,,,218,6664,15776
,,,514,,,,,,,,,219,6680,15760
,,,515,,,,,,,,,219,6696,15744
,,,516,,,,,,,,,220,6710,15730
,,,517,,,,,,,,,220,6723,15717
,,,518,,,,,,,,,220,6736,15705
,,,519,,,,,,,,,221,6747,15693
,,,520,,,,,,,,,221,6758,15682
,,,521,,,,,,,,,221,6769,15671
,,,522,,,,,,,,,222,6787,15653
,,,523,,,,,,,,,222,6801,15639
,,,524,,,,,,,,,223,6811,15629
,,,525,,,,,,,,,223,6822,15618
,,,526,,,,,,,,,224,6838,15602
,,,527,,,,,,,,,224,6858,15583
,,,528,,,,,,,,,224,6868,15572
,,,529,,,,,,,,,225,6880,15561
,,,530,,,,,,,,,225,6891,15549
9,1,531,6693,26.1,running,5833916,447950,-4283,241,33.3,226,6903,15537,5
,,,532,,,,,,,,,226,6916,15525
,,,533,,,,,,,,,226,6927,15513
,,,534,,,,,,,,,227,6938,15502
,,,535,,,,,,,,,227,6956,15484
,,,536,,,,,,,,,228,6968,15472
,,,537,,,,,,,,,228,6979,15461
,,,538,,,,,,,,,229,6991,15449
,,,539,,,,,,,,,229,7006,15434
,,,540,,,,,,,,,230,7018,15422
,,,541,,,,,,,,,230,7030,15410
,,,542,,,,,,,,,231,7043,15397
,,,543,,,,,,,,,231,7054,15386
,,,544,,,,,,,,,231,7066,15374
,,,545,,,,,,,,,232,7083,15357
,,,546,,,,,,,,,233,7100,15340
,,,547,,,,,,,,,233,7121,15319
,,,548,,,,,,,,,234,7132,15308
,,,549,,,,,,,,,234,7143,15297
,,,550,,,,,,,,,235,7154,15286
,,,551,,,,,,,,,235,7166,15274
,,,552,,,,,,,,,236,7178,15263
,,,553,,,,,,,,,236,7190,15251
,,,554,,,,,,,,,236,7201,15239
,,,555,,,,,,,,,237,7214,15227
,,,556,,,,,,,,,237,7227,15213
,,,557,,,,,,,,,238,7240,15200
,,,558,,,,,,,,,238,7255,15185
,,,559,,,,,,,,,239,7271,15169
,,,560,,,,,,,,,240,7285,15155
,,,561,,,,,,,,,240,7299,15141
,,,562,,,,,,,,,241,7312,15128
,,,563,,,,,,,,,241,7326,15114
,,,564,,,,,,,,,241,7336,15104
,,,565,,,,,,,,,242,7350,15091
,,,566,,,,,,,,,242,7362,15078
,,,567,,,,,,,,,243,7374,15066
,,,568,,,,,,,,,243,7387,15053
,,,569,,,,,,,,,244,7403,15037
,,,570,,,,,,,,,244,7416,15024
,,,571,,,,,,,,,245,7436,15004
9,1,572,6713,21.9,running,5834313,447757,-3886,48,27.2,246,7448,14992,11
,,,573,,,,,,,,,246,7460,14980
,,,574,,,,,,,,,246,7471,14969
,,,575,,,,,,,,,247,7484,14957
,,,576,,,,,,,,,247,7495,14945
,,,577,,,,,,,,,248,7507,14933
,,,578,,,,,,,,,248,7518,14922
,,,579,,,,,,,,,249,7529,14911
,,,580,,,,,,,,,249,7541,14899
,,,581,,,,,,,,,250,7556,14884
,,,582,,,,,,,,,250,7567,14873
,,,583,,,,,,,,,251,7580,14860
,,,584,,,,,,,,,251,7593,14847
,,,585,,,,,,,,,252,7608,14832
,,,586,,,,,,,,,252,7622,14818
,,,587,,,,,,,,,253,7636,14804
,,,588,,,,,,,,,253,7649,14791
,,,589,,,,,,,,,254,7660,14780
,,,590,,,,,,,,,254,7671,14769
,,,591,,,,,,,,,255,7682,14758
,,,592,,,,,,,,,255,7693,14747
,,,593,,,,,,,,,255,7704,14736
,,,594,,,,,,,,,256,7714,14726
,,,595,,,,,,,,,256,7725,14715
,,,596,,,,,,,,,257,7735,14705
,,,597,,,,,,,,,257,7746,14694
,,,598,,,,,,,,,257,7756,14684
,,,599,,,,,,,,,258,7765,14675
,,,600,,,,,,,,,258,7783,14657
,,,601,,,,,,,,,259,7804,14636
,,,602,,,,,,,,,260,7818,14622
,,,603,,,,,,,,,260,7833,14607
,,,604,,,,,,,,,261,7846,14594
,,,605,,,,,,,,,261,7856,14584
,,,606,,,,,,,,,262,7867,14573
,,,607,,,,,,,,,262,7878,14562
,,,608,,,,,,,,,262,7888,14553
,,,609,,,,,,,,,263,7899,14541
,,,610,,,,,,,,,263,7913,14528
,,,611,,,,,,,,,264,7929,14511
,,,612,,,,,,,,,265,7957,14484
9,1,613,6733,37.7,running,5834367,447666,-3832,-42,25.9,266,7967,14473,35
,,,614,,,,,,,,,266,7978,14462
,,,615,,,,,,,,,266,7989,14451
,,,616,,,,,,,,,267,8008,14432
,,,617,,,,,,,,,267,8025,14415
,,,618,,,,,,,,,268,8041,14399
,,,619,,,,,,,,,268,8059,14381
,,,620,,,,,,,,,269,8079,14362
,,,621,,,,,,,,,269,8101,14340
,,,622,,,,,,,,,270,8122,14318
,,,623,,,,,,,,,270,8142,14298
,,,624,,,,,,,,,271,8157,14283
,,,625,,,,,,,,,271,8171,14269
,,,626,,,,,,,,,271,8186,14254
,,,627,,,,,,,,,272,8200,14240
,,,628,,,,,,,,,272,8212,14228
,,,629,,,,,,,,,273,8225,14215
,,,630,,,,,,,,,273,8238,14202
,,,631,,,,,,,,,273,8251,14189
,,,632,,,,,,,,,274,8261,14179
,,,633,,,,,,,,,274,8273,14168
,,,634,,,,,,,,,274,8282,14158
,,,635,,,,,,,,,274,8295,14145
,,,636,,,,,,,,,275,8306,14134
,,,637,,,,,,,,,275,8320,14120
9,1,638,6743,27.4,running,5834018,447570,-4182,-138,36.5,276,8332,14108,3
,,,639,,,,,,,,,276,8343,14097
,,,640,,,,,,,,,276,8352,14088
,,,641,,,,,,,,,276,8362,14078
,,,642,,,,,,,,,277,8379,14062
,,,643,,,,,,,,,278,8414,14026
,,,644,,,,,,,,,279,8447,13993
,,,645,,,,,,,,,280,8473,13967
,,,646,,,,,,,,,281,8508,13933
,,,647,,,,,,,,,282,8538,13902
,,,648,,,,,,,,,283,8552,13889
,,,649,,,,,,,,,283,8567,13874
,,,650,,,,,,,,,283,8579,13861
,,,651,,,,,,,,,284,8592,13848
,,,652,,,,,,,,,284,8603,13837
,,,653,,,,,,,,,285,8616,13824
,,,654,,,,,,,,,285,8627,13814
,,,655,,,,,,,,,285,8639,13801
,,,656,,,,,,,,,286,8665,13775
,,,657,,,,,,,,,287,8677,13763
,,,658,,,,,,,,,287,8688,13753
,,,659,,,,,,,,,287,8703,13737
,,,660,,,,,,,,,288,8723,13717
,,,661,,,,,,,,,289,8742,13698
,,,662,,,,,,,,,289,8756,13684
,,,663,,,,,,,,,290,8768,13672
,,,664,,,,,,,,,290,8777,13663
,,,665,,,,,,,,,290,8784,13656
,,,666,,,,,,,,,290,8797,13643
,,,667,,,,,,,,,291,8809,13631
,,,668,,,,,,,,,291,8825,13615
,,,669,,,,,,,,,292,8835,13605
,,,670,,,,,,,,,292,8846,13595
,,,671,,,,,,,,,292,8857,13583
,,,672,,,,,,,,,293,8867,13573
,,,673,,,,,,,,,293,8883,13558
,,,674,,,,,,,,,294,8898,13542
,,,675,,,,,,,,,294,8909,13532
,,,676,,,,,,,,,294,8919,13521
,,,677,,,,,,,,,295,8930,13510
,,,678,,,,,,,,,295,8941,13499
9,1,679,6763,31.4,running,5834419,447507,-3780,-200,31.0,296,8953,13487,9
,,,680,,,,,,,,,296,8965,13475
,,,681,,,,,,,,,296,8977,13463
,,,682,,,,,,,,,297,8989,13452
,,,683,,,,,,,,,297,9001,13439
,,,684,,,,,,,,,297,9013,13427
,,,685,,,,,,,,,298,9025,13415
,,,686,,,,,,,,,298,9038,13402
,,,687,,,,,,,,,299,9049,13392
,,,688,,,,,,,,,299,9060,13380
,,,689,,,,,,,,,299,9072,13368
,,,690,,,,,,,,,300,9083,13357
,,,691,,,,,,,,,300,9098,13343
,,,692,,,,,,,,,301,9111,13330
,,,693,,,,,,,,,301,9123,13317
,,,694,,,,,,,,,301,9134,13306
,,,695,,,,,,,,,302,9146,13294
,,,696,,,,,,,,,302,9158,13282
,,,697,,,,,,,,,302,9171,13269
,,,698,,,,,,,,,303,9184,13257
,,,699,,,,,,,,,303,9195,13245
,,,700,,,,,,,,,304,9209,13231
,,,701,,,,,,,,,304,9220,13220
,,,702,,,,,,,,,304,9231,13209
,,,703,,,,,,,,,305,9242,13198
,,,704,,,,,,,,,305,9254,13186
9,1,705,6773,14.0,running,5834714,447412,-3485,-296,31.1,306,9265,13175,4
Car Id,Tramo Id,UTM Index,Car Time,Speed,Status,Utm X,Utm Y,Norm X,Norm Y,Avg Speed,Track Time,Distance,Remaining Distance,Error
9,1,1,6467,0.0,start,5836366,448334,-1834,625,-1.0,0,0,22441,156
,,,2,,,,,,,,,0,13,22427
,,,3,,,,,,,,,1,25,22415
,,,4,,,,,,,,,2,40,22400
,,,5,,,,,,,,,3,61,22379
,,,6,,,,,,,,,3,73,22367
,,,7,,,,,,,,,4,85,22355
,,,8,,,,,,,,,5,97,22343
,,,9,,,,,,,,,5,110,22330
,,,10,,,,,,,,,6,123,22317
,,,11,,,,,,,,,7,135,22305
,,,12,,,,,,,,,8,148,22292
,,,13,,,,,,,,,8,160,22280
,,,14,,,,,,,,,9,172,22268
9,1,15,6477,33.6,running,5836268,448460,-1932,751,18.4,10,184,22257,3
,,,16,,,,,,,,,10,195,22245
,,,17,,,,,,,,,10,206,22234
,,,18,,,,,,,,,11,218,22222
,,,19,,,,,,,,,11,231,22209
,,,20,,,,,,,,,12,243,22197
,,,21,,,,,,,,,12,254,22186
,,,22,,,,,,,,,12,265,22175
,,,23,,,,,,,,,13,276,22164
,,,24,,,,,,,,,13,287,22153
,,,25,,,,,,,,,13,299,22141
,,,26,,,,,,,,,14,310,22130
,,,27,,,,,,,,,14,323,22118
,,,28,,,,,,,,,15,335,22105
,,,29,,,,,,,,,15,349,22092
,,,30,,,,,,,,,16,362,22078
,,,31,,,,,,,,,16,375,22065
,,,32,,,,,,,,,17,389,22052
,,,33,,,,,,,,,17,402,22039
,,,34,,,,,,,,,17,414,22026
,,,35,,,,,,,,,18,425,22015
,,,36,,,,,,,,,18,436,22004
,,,37,,,,,,,,,19,447,21993
,,,38,,,,,,,,,19,458,21982
,,,39,,,,,,,,,19,472,21969
,,,40,,,,,,,,,20,485,21955
,,,41,,,,,,,,,20,498,21942
,,,42,,,,,,,,,21,510,21930
,,,43,,,,,,,,,21,523,21917
,,,44,,,,,,,,,22,536,21904
,,,45,,,,,,,,,22,548,21892
,,,46,,,,,,,,,22,561,21879
,,,47,,,,,,,,,23,573,21867
,,,48,,,,,,,,,23,585,21855
,,,49,,,,,,,,,24,597,21843
,,,50,,,,,,,,,24,609,21831
,,,51,,,,,,,,,24,620,21820
,,,52,,,,,,,,,25,632,21808
,,,53,,,,,,,,,25,643,21797
,,,54,,,,,,,,,26,654,21786
,,,55,,,,,,,,,26,665,21775
,,,56,,,,,,,,,26,676,21764
,,,57,,,,,,,,,27,686,21755
,,,58,,,,,,,,,27,699,21742
,,,59,,,,,,,,,28,711,21730
,,,60,,,,,,,,,28,723,21717
,,,61,,,,,,,,,28,735,21705
,,,62,,,,,,,,,29,747,21693
,,,63,,,,,,,,,29,759,21681
,,,64,,,,,,,,,30,770,21670
,,,65,,,,,,,,,30,782,21658
,,,66,,,,,,,,,30,794,21646
,,,67,,,,,,,,,31,807,21634
,,,68,,,,,,,,,31,819,21621
,,,69,,,,,,,,,32,831,21609
,,,70,,,,,,,,,32,843,21597
,,,71,,,,,,,,,32,856,21585
,,,72,,,,,,,,,33,868,21572
,,,73,,,,,,,,,33,880,21560
,,,74,,,,,,,,,34,893,21548
,,,75,,,,,,,,,34,905,21535
,,,76,,,,,,,,,35,917,21523
,,,77,,,,,,,,,35,930,21510
,,,78,,,,,,,,,35,943,21498
,,,79,,,,,,,,,36,955,21485
,,,80,,,,,,,,,36,968,21472
,,,81,,,,,,,,,37,980,21460
,,,82,,,,,,,,,37,992,21448
,,,83,,,,,,,,,38,1003,21437
,,,84,,,,,,,,,38,1013,21427
,,,85,,,,,,,,,39,1032,21409
,,,86,,,,,,,,,39,1050,21390
9,1,87,6507,26.3,running,5836108,449109,-2091,1400,29.2,40,1060,21380,8
,,,88,,,,,,,,,40,1071,21369
,,,89,,,,,,,,,40,1082,21358
,,,90,,,,,,,,,40,1096,21344
,,,91,,,,,,,,,41,1111,21330
,,,92,,,,,,,,,41,1124,21316
,,,93,,,,,,,,,41,1139,21301
,,,94,,,,,,,,,42,1154,21287
,,,95,,,,,,,,,42,1168,21272
,,,96,,,,,,,,,42,1182,21258
,,,97,,,,,,,,,43,1196,21244
,,,98,,,,,,,,,43,1210,21230
,,,99,,,,,,,,,43,1224,21216
,,,100,,,,,,,,,44,1238,21203
,,,101,,,,,,,,,44,1251,21189
,,,102,,,,,,,,,44,1265,21175
,,,103,,,,,,,,,45,1278,21162
,,,104,,,,,,,,,45,1291,21149
,,,105,,,,,,,,,45,1305,21135
,,,106,,,,,,,,,46,1319,21121
,,,107,,,,,,,,,46,1331,21109
,,,108,,,,,,,,,46,1344,21096
,,,109,,,,,,,,,47,1356,21084
,,,110,,,,,,,,,47,1367,21073
,,,111,,,,,,,,,47,1379,21061
,,,112,,,,,,,,,48,1390,21050
,,,113,,,,,,,,,48,1401,21039
,,,114,,,,,,,,,48,1420,21020
,,,115,,,,,,,,,49,1431,21009
,,,116,,,,,,,,,49,1437,21004
,,,117,,,,,,,,,49,1452,20988
9,1,118,6517,45.8,running,5836424,449363,-1775,1654,40.9,50,1470,20970,7
,,,119,,,,,,,,,50,1481,20959
,,,120,,,,,,,,,50,1494,20946
,,,121,,,,,,,,,51,1507,20933
,,,122,,,,,,,,,51,1521,20919
,,,123,,,,,,,,,52,1534,20906
,,,124,,,,,,,,,52,1548,20892
,,,125,,,,,,,,,53,1562,20878
,,,126,,,,,,,,,53,1575,20865
,,,127,,,,,,,,,54,1589,20851
,,,128,,,,,,,,,54,1602,20838
,,,129,,,,,,,,,54,1615,20826
,,,130,,,,,,,,,55,1627,20813
,,,131,,,,,,,,,55,1639,20801
,,,132,,,,,,,,,56,1650,20790
,,,133,,,,,,,,,56,1661,20779
,,,134,,,,,,,,,56,1672,20769
,,,135,,,,,,,,,57,1690,20750
,,,136,,,,,,,,,58,1710,20731
,,,137,,,,,,,,,58,1720,20720
,,,138,,,,,,,,,58,1731,20709
,,,139,,,,,,,,,59,1742,20698
,,,140,,,,,,,,,59,1755,20685
,,,141,,,,,,,,,60,1769,20671
,,,142,,,,,,,,,60,1783,20657
,,,143,,,,,,,,,61,1797,20643
,,,144,,,,,,,,,61,1811,20629
,,,145,,,,,,,,,62,1824,20616
,,,146,,,,,,,,,62,1836,20604
,,,147,,,,,,,,,62,1848,20592
,,,148,,,,,,,,,63,1859,20581
,,,149,,,,,,,,,63,1870,20570
,,,150,,,,,,,,,64,1880,20560
,,,151,,,,,,,,,64,1894,20547
,,,152,,,,,,,,,64,1907,20534
,,,153,,,,,,,,,65,1917,20523
,,,154,,,,,,,,,65,1930,20510
,,,155,,,,,,,,,66,1944,20496
,,,156,,,,,,,,,66,1955,20485
,,,157,,,,,,,,,67,1967,20473
,,,158,,,,,,,,,67,1976,20465
,,,159,,,,,,,,,67,1981,20459
,,,160,,,,,,,,,67,1993,20447
,,,161,,,,,,,,,68,2006,20435
,,,162,,,,,,,,,68,2021,20419
,,,163,,,,,,,,,69,2039,20401
9,1,164,6537,17.9,running,5836312,449855,-1887,2147,29.2,70,2055,20386,1
,,,165,,,,,,,,,70,2073,20367
,,,166,,,,,,,,,71,2090,20350
,,,167,,,,,,,,,71,2104,20337
,,,168,,,,,,,,,72,2120,20321
,,,169,,,,,,,,,72,2131,20309
,,,170,,,,,,,,,73,2143,20297
,,,171,,,,,,,,,73,2154,20286
,,,172,,,,,,,,,74,2166,20274
,,,173,,,,,,,,,74,2178,20262
,,,174,,,,,,,,,74,2190,20250
,,,175,,,,,,,,,75,2203,20237
,,,176,,,,,,,,,75,2216,20224
,,,177,,,,,,,,,76,2230,20211
,,,178,,,,,,,,,76,2243,20197
,,,179,,,,,,,,,77,2257,20183
,,,180,,,,,,,,,77,2270,20170
,,,181,,,,,,,,,78,2283,20158
,,,182,,,,,,,,,78,2295,20145
,,,183,,,,,,,,,79,2307,20133
,,,184,,,,,,,,,79,2318,20122
9,1,185,6547,30.1,running,5836111,449695,-2089,1986,27.5,80,2330,20110,8
,,,186,,,,,,,,,80,2342,20098
,,,187,,,,,,,,,80,2354,20087
,,,188,,,,,,,,,81,2366,20074
,,,189,,,,,,,,,81,2379,20062
,,,190,,,,,,,,,82,2392,20048
,,,191,,,,,,,,,82,2404,20036
,,,192,,,,,,,,,82,2416,20024
,,,193,,,,,,,,,83,2429,20011
,,,194,,,,,,,,,83,2442,19998
,,,195,,,,,,,,,84,2454,19986
,,,196,,,,,,,,,84,2466,19974
,,,197,,,,,,,,,85,2478,19962
,,,198,,,,,,,,,85,2489,19951
,,,199,,,,,,,,,86,2508,19932
,,,200,,,,,,,,,86,2525,19915
,,,201,,,,,,,,,87,2546,19894
,,,202,,,,,,,,,87,2556,19884
,,,203,,,,,,,,,88,2567,19874
,,,204,,,,,,,,,88,2585,19855
,,,205,,,,,,,,,89,2603,19837
,,,206,,,,,,,,,89,2621,19819
,,,207,,,,,,,,,90,2633,19807
,,,208,,,,,,,,,90,2645,19795
,,,209,,,,,,,,,91,2658,19783
,,,210,,,,,,,,,91,2671,19770
,,,211,,,,,,,,,92,2683,19757
,,,212,,,,,,,,,92,2695,19745
,,,213,,,,,,,,,92,2708,19732
,,,214,,,,,,,,,93,2720,19720
,,,215,,,,,,,,,93,2731,19709
,,,216,,,,,,,,,94,2743,19697
,,,217,,,,,,,,,94,2755,19686
,,,218,,,,,,,,,94,2766,19674
,,,219,,,,,,,,,95,2778,19662
,,,220,,,,,,,,,95,2790,19650
,,,221,,,,,,,,,96,2802,19639
,,,222,,,,,,,,,96,2813,19627
,,,223,,,,,,,,,96,2825,19615
,,,224,,,,,,,,,97,2838,19602
,,,225,,,,,,,,,97,2851,19590
,,,226,,,,,,,,,98,2863,19577
,,,227,,,,,,,,,98,2876,19564
,,,228,,,,,,,,,99,2889,19551
,,,229,,,,,,,,,99,2902,19538
9,1,230,6567,41.3,running,5835759,449616,-2440,1907,29.3,100,2917,19523,5
,,,231,,,,,,,,,100,2931,19509
,,,232,,,,,,,,,100,2945,19495
,,,233,,,,,,,,,101,2958,19482
,,,234,,,,,,,,,101,2972,19468
,,,235,,,,,,,,,102,2985,19455
,,,236,,,,,,,,,102,2997,19443
,,,237,,,,,,,,,102,3009,19431
,,,238,,,,,,,,,103,3021,19419
,,,239,,,,,,,,,103,3033,19407
,,,240,,,,,,,,,104,3046,19394
,,,241,,,,,,,,,104,3059,19381
,,,242,,,,,,,,,104,3072,19368
,,,243,,,,,,,,,105,3085,19355
,,,244,,,,,,,,,105,3098,19342
,,,245,,,,,,,,,106,3110,19330
,,,246,,,,,,,,,106,3122,19318
,,,247,,,,,,,,,106,3135,19305
,,,248,,,,,,,,,107,3147,19293
,,,249,,,,,,,,,107,3158,19282
,,,250,,,,,,,,,108,3168,19272
,,,251,,,,,,,,,108,3180,19261
,,,252,,,,,,,,,108,3191,19249
,,,253,,,,,,,,,109,3204,19237
,,,254,,,,,,,,,109,3216,19225
9,1,255,6577,29.6,running,5835581,449853,-2618,2144,31.2,110,3229,19211,6
,,,256,,,,,,,,,110,3242,19198
,,,257,,,,,,,,,110,3254,19186
,,,258,,,,,,,,,111,3265,19175
,,,259,,,,,,,,,111,3276,19164
,,,260,,,,,,,,,111,3293,19147
,,,261,,,,,,,,,112,3305,19136
,,,262,,,,,,,,,112,3317,19123
,,,263,,,,,,,,,112,3319,19122
,,,264,,,,,,,,,113,3330,19110
,,,265,,,,,,,,,113,3349,19091
,,,266,,,,,,,,,113,3360,19080
,,,267,,,,,,,,,114,3372,19068
,,,268,,,,,,,,,114,3385,19055
,,,269,,,,,,,,,115,3397,19043
,,,270,,,,,,,,,115,3411,19030
,,,271,,,,,,,,,115,3424,19016
,,,272,,,,,,,,,116,3437,19003
,,,273,,,,,,,,,116,3450,18990
,,,274,,,,,,,,,117,3462,18978
,,,275,,,,,,,,,117,3474,18966
,,,276,,,,,,,,,117,3486,18954
,,,277,,,,,,,,,118,3500,18940
,,,278,,,,,,,,,118,3514,18926
,,,279,,,,,,,,,119,3527,18913
,,,280,,,,,,,,,119,3540,18900
,,,281,,,,,,,,,119,3552,18888
,,,282,,,,,,,,,120,3565,18876
,,,283,,,,,,,,,120,3578,18863
,,,284,,,,,,,,,121,3591,18849
,,,285,,,,,,,,,121,3606,18834
,,,286,,,,,,,,,121,3621,18820
,,,287,,,,,,,,,122,3635,18805
,,,288,,,,,,,,,122,3650,18790
,,,289,,,,,,,,,123,3664,18776
,,,290,,,,,,,,,123,3678,18762
,,,291,,,,,,,,,124,3693,18747
,,,292,,,,,,,,,124,3707,18733
,,,293,,,,,,,,,125,3721,18719
,,,294,,,,,,,,,125,3735,18705
,,,295,,,,,,,,,125,3749,18691
,,,296,,,,,,,,,126,3763,18677
,,,297,,,,,,,,,126,3777,18663
,,,298,,,,,,,,,127,3791,18649
,,,299,,,,,,,,,127,3803,18637
,,,300,,,,,,,,,127,3815,18625
,,,301,,,,,,,,,128,3826,18615
,,,302,,,,,,,,,128,3842,18598
,,,303,,,,,,,,,129,3852,18588
,,,304,,,,,,,,,129,3866,18574
9,1,305,6597,25.9,running,5835260,449423,-2940,1714,32.7,130,3883,18557,2
,,,306,,,,,,,,,130,3895,18545
,,,307,,,,,,,,,130,3908,18533
,,,308,,,,,,,,,131,3922,18518
,,,309,,,,,,,,,132,3936,18504
,,,310,,,,,,,,,132,3951,18489
,,,311,,,,,,,,,133,3966,18474
,,,312,,,,,,,,,133,3981,18459
,,,313,,,,,,,,,134,3995,18445
,,,314,,,,,,,,,134,4009,18432
,,,315,,,,,,,,,135,4022,18418
,,,316,,,,,,,,,136,4034,18406
,,,317,,,,,,,,,136,4045,18395
,,,318,,,,,,,,,137,4061,18379
,,,319,,,,,,,,,137,4072,18368
,,,320,,,,,,,,,137,4083,18357
,,,321,,,,,,,,,138,4096,18344
,,,322,,,,,,,,,138,4108,18332
,,,323,,,,,,,,,139,4119,18321
,,,324,,,,,,,,,139,4134,18307
,,,325,,,,,,,,,140,4150,18291
,,,326,,,,,,,,,141,4165,18276
,,,327,,,,,,,,,141,4179,18261
,,,328,,,,,,,,,142,4192,18248
,,,329,,,,,,,,,142,4206,18235
,,,330,,,,,,,,,143,4219,18221
,,,331,,,,,,,,,143,4233,18207
,,,332,,,,,,,,,144,4247,18193
,,,333,,,,,,,,,145,4261,18179
,,,334,,,,,,,,,145,4274,18166
,,,335,,,,,,,,,146,4287,18153
,,,336,,,,,,,,,146,4300,18140
,,,337,,,,,,,,,147,4313,18127
,,,338,,,,,,,,,147,4326,18115
,,,339,,,,,,,,,148,4339,18101
,,,340,,,,,,,,,148,4351,18089
,,,341,,,,,,,,,149,4363,18077
,,,342,,,,,,,,,149,4374,18066
9,1,343,6617,33.9,running,5835175,449229,-3024,1520,25.0,150,4385,18055,3
,,,344,,,,,,,,,150,4395,18045
,,,345,,,,,,,,,150,4407,18034
,,,346,,,,,,,,,151,4427,18013
,,,347,,,,,,,,,152,4442,17998
,,,348,,,,,,,,,152,4451,17989
,,,349,,,,,,,,,153,4468,17973
,,,350,,,,,,,,,154,4486,17954
,,,351,,,,,,,,,154,4498,17942
,,,352,,,,,,,,,155,4510,17931
,,,353,,,,,,,,,155,4521,17919
,,,354,,,,,,,,,156,4531,17909
,,,355,,,,,,,,,156,4552,17889
,,,356,,,,,,,,,157,4571,17870
,,,357,,,,,,,,,158,4591,17849
,,,358,,,,,,,,,158,4601,17839
,,,359,,,,,,,,,159,4611,17829
,,,360,,,,,,,,,159,4622,17818
,,,361,,,,,,,,,160,4632,17808
,,,362,,,,,,,,,160,4642,17798
,,,363,,,,,,,,,161,4663,17777
9,1,364,6629,30.7,running,5835222,449098,-2977,1389,24.1,162,4675,17765,4
,,,365,,,,,,,,,162,4688,17753
,,,366,,,,,,,,,162,4700,17740
,,,367,,,,,,,,,163,4713,17728
,,,368,,,,,,,,,163,4726,17714
,,,369,,,,,,,,,164,4738,17702
,,,370,,,,,,,,,164,4752,17688
,,,371,,,,,,,,,165,4765,17675
,,,372,,,,,,,,,165,4779,17662
,,,373,,,,,,,,,166,4792,17648
,,,374,,,,,,,,,166,4804,17636
,,,375,,,,,,,,,167,4817,17623
,,,376,,,,,,,,,167,4830,17611
,,,377,,,,,,,,,167,4841,17600
,,,378,,,,,,,,,168,4851,17589
,,,379,,,,,,,,,168,4862,17578
,,,380,,,,,,,,,169,4872,17568
,,,381,,,,,,,,,169,4884,17556
,,,382,,,,,,,,,169,4897,17543
,,,383,,,,,,,,,170,4910,17530
,,,384,,,,,,,,,170,4923,17517
,,,385,,,,,,,,,171,4935,17505
,,,386,,,,,,,,,171,4947,17493
,,,387,,,,,,,,,172,4959,17481
,,,388,,,,,,,,,172,4970,17470
,,,389,,,,,,,,,172,4980,17460
,,,390,,,,,,,,,173,4993,17447
,,,391,,,,,,,,,173,5007,17433
,,,392,,,,,,,,,174,5018,17422
,,,393,,,,,,,,,175,5039,17401
,,,394,,,,,,,,,175,5051,17389
,,,395,,,,,,,,,176,5071,17369
,,,396,,,,,,,,,176,5088,17352
,,,397,,,,,,,,,177,5104,17336
,,,398,,,,,,,,,177,5120,17320
,,,399,,,,,,,,,178,5135,17306
,,,400,,,,,,,,,179,5149,17291
,,,401,,,,,,,,,179,5164,17277
,,,402,,,,,,,,,180,5177,17263
,,,403,,,,,,,,,180,5191,17249
,,,404,,,,,,,,,180,5204,17236
,,,405,,,,,,,,,181,5217,17223
,,,406,,,,,,,,,181,5231,17210
,,,407,,,,,,,,,182,5244,17196
,,,408,,,,,,,,,182,5258,17183
,,,409,,,,,,,,,183,5272,17168
,,,410,,,,,,,,,183,5286,17154
,,,411,,,,,,,,,184,5300,17140
,,,412,,,,,,,,,184,5314,17126
,,,413,,,,,,,,,185,5328,17112
9,1,414,6653,36.0,running,5835154,448714,-3046,1005,27.8,186,5343,17097,4
,,,415,,,,,,,,,186,5358,17082
,,,416,,,,,,,,,186,5372,17068
,,,417,,,,,,,,,187,5385,17055
,,,418,,,,,,,,,187,5398,17042
,,,419,,,,,,,,,187,5411,17029
,,,420,,,,,,,,,188,5423,17017
,,,421,,,,,,,,,188,5435,17005
,,,422,,,,,,,,,189,5447,16993
,,,423,,,,,,,,,189,5459,16981
,,,424,,,,,,,,,189,5471,16969
,,,425,,,,,,,,,190,5482,16958
,,,426,,,,,,,,,190,5493,16947
,,,427,,,,,,,,,190,5504,16936
,,,428,,,,,,,,,191,5516,16924
,,,429,,,,,,,,,191,5528,16912
,,,430,,,,,,,,,191,5540,16900
,,,431,,,,,,,,,192,5553,16887
,,,432,,,,,,,,,192,5565,16875
,,,433,,,,,,,,,192,5577,16863
,,,434,,,,,,,,,193,5589,16851
,,,435,,,,,,,,,193,5601,16839
,,,436,,,,,,,,,193,5613,16828
,,,437,,,,,,,,,194,5624,16816
,,,438,,,,,,,,,194,5636,16804
,,,439,,,,,,,,,194,5648,16792
,,,440,,,,,,,,,195,5660,16780
,,,441,,,,,,,,,195,5673,16767
9,1,442,6663,39.1,running,5834977,448433,-3223,724,34.1,196,5685,16755,3
,,,443,,,,,,,,,196,5697,16743
,,,444,,,,,,,,,196,5709,16731
,,,445,,,,,,,,,196,5721,16720
,,,446,,,,,,,,,197,5733,16707
,,,447,,,,,,,,,197,5745,16695
,,,448,,,,,,,,,197,5757,16683
,,,449,,,,,,,,,197,5769,16671
,,,450,,,,,,,,,198,5782,16659
,,,451,,,,,,,,,198,5795,16645
,,,452,,,,,,,,,198,5808,16633
,,,453,,,,,,,,,199,5821,16619
,,,454,,,,,,,,,199,5834,16606
,,,455,,,,,,,,,199,5847,16593
,,,456,,,,,,,,,199,5860,16580
,,,457,,,,,,,,,200,5873,16567
,,,458,,,,,,,,,200,5886,16554
,,,459,,,,,,,,,200,5899,16542
,,,460,,,,,,,,,201,5911,16529
,,,461,,,,,,,,,201,5924,16516
,,,462,,,,,,,,,201,5935,16505
,,,463,,,,,,,,,201,5948,16492
,,,464,,,,,,,,,202,5960,16480
,,,465,,,,,,,,,202,5974,16466
,,,466,,,,,,,,,202,5987,16453
,,,467,,,,,,,,,203,6001,16439
,,,468,,,,,,,,,203,6014,16426
,,,469,,,,,,,,,203,6027,16413
,,,470,,,,,,,,,204,6041,16400
,,,471,,,,,,,,,204,6054,16386
,,,472,,,,,,,,,204,6067,16373
,,,473,,,,,,,,,204,6082,16359
,,,474,,,,,,,,,205,6096,16345
,,,475,,,,,,,,,205,6110,16330
,,,476,,,,,,,,,205,6124,16316
,,,477,,,,,,,,,206,6139,16301
,,,478,,,,,,,,,206,6153,16288
,,,479,,,,,,,,,206,6166,16274
,,,480,,,,,,,,,207,6178,16262
,,,481,,,,,,,,,207,6190,16250
,,,482,,,,,,,,,207,6201,16240
,,,483,,,,,,,,,207,6211,16229
,,,484,,,,,,,,,208,6230,16210
,,,485,,,,,,,,,208,6246,16194
,,,486,,,,,,,,,208,6256,16184
,,,487,,,,,,,,,209,6263,16177
,,,488,,,,,,,,,209,6274,16166
,,,489,,,,,,,,,209,6288,16152
,,,490,,,,,,,,,209,6303,16137
,,,491,,,,,,,,,210,6321,16119
,,,492,,,,,,,,,210,6341,16099
,,,493,,,,,,,,,211,6352,16088
,,,494,,,,,,,,,211,6365,16076
,,,495,,,,,,,,,211,6379,16061
,,,496,,,,,,,,,212,6393,16047
,,,497,,,,,,,,,212,6407,16033
,,,498,,,,,,,,,212,6422,16018
,,,499,,,,,,,,,212,6435,16005
,,,500,,,,,,,,,213,6449,15991
,,,501,,,,,,,,,213,6463,15977
,,,502,,,,,,,,,213,6477,15963
,,,503,,,,,,,,,214,6491,15949
,,,504,,,,,,,,,214,6505,15935
,,,505,,,,,,,,,214,6520,15920
,,,506,,,,,,,,,215,6536,15904
,,,507,,,,,,,,,215,6553,15888
9,1,508,6683,49.9,running,5834194,448074,-4005,365,44.2,216,6570,15870,5
,,,509,,,,,,,,,216,6591,15849
,,,510,,,,,,,,,217,6610,15830
,,,511,,,,,,,,,217,6629,15811
,,,512,,,,,,,,,218,6647,15793
,,,513,,,,,,,,,218,6664,15776
,,,514,,,,,,,,,219,6680,15760
,,,515,,,,,,,,,219,6696,15744
,,,516,,,,,,,,,220,6710,15730
,,,517,,,,,,,,,220,6723,15717
,,,518,,,,,,,,,220,6736,15705
,,,519,,,,,,,,,221,6747,15693
,,,520,,,,,,,,,221,6758,15682
,,,521,,,,,,,,,221,6769,15671
,,,522,,,,,,,,,222,6787,15653
,,,523,,,,,,,,,222,6801,15639
,,,524,,,,,,,,,223,6811,15629
,,,525,,,,,,,,,223,6822,15618
,,,526,,,,,,,,,224,6838,15602
,,,527,,,,,,,,,224,6858,15583
,,,528,,,,,,,,,224,6868,15572
,,,529,,,,,,,,,225,6880,15561
,,,530,,,,,,,,,225,6891,15549
9,1,531,6693,26.1,running,5833916,447950,-4283,241,33.3,226,6903,15537,5
,,,532,,,,,,,,,226,6916,15525
,,,533,,,,,,,,,226,6927,15513
,,,534,,,,,,,,,227,6938,15502
,,,535,,,,,,,,,227,6956,15484
,,,536,,,,,,,,,228,6968,15472
,,,537,,,,,,,,,228,6979,15461
,,,538,,,,,,,,,229,6991,15449
,,,539,,,,,,,,,229,7006,15434
,,,540,,,,,,,,,230,7018,15422
,,,541,,,,,,,,,230,7030,15410
,,,542,,,,,,,,,231,7043,15397
,,,543,,,,,,,,,231,7054,15386
,,,544,,,,,,,,,231,7066,15374
,,,545,,,,,,,,,232,7083,15357
,,,546,,,,,,,,,233,7100,15340
,,,547,,,,,,,,,233,7121,15319
,,,548,,,,,,,,,234,7132,15308
,,,549,,,,,,,,,234,7143,15297
,,,550,,,,,,,,,235,7154,15286
,,,551,,,,,,,,,235,7166,15274
,,,552,,,,,,,,,236,7178,15263
,,,553,,,,,,,,,236,7190,15251
,,,554,,,,,,,,,236,7201,15239
,,,555,,,,,,,,,237,7214,15227
,,,556,,,,,,,,,237,7227,15213
,,,557,,,,,,,,,238,7240,15200
,,,558,,,,,,,,,238,7255,15185
,,,559,,,,,,,,,239,7271,15169
,,,560,,,,,,,,,240,7285,15155
,,,561,,,,,,,,,240,7299,15141
,,,562,,,,,,,,,241,7312,15128
,,,563,,,,,,,,,241,7326,15114
,,,564,,,,,,,,,241,7336,15104
,,,565,,,,,,,,,242,7350,15091
,,,566,,,,,,,,,242,7362,15078
,,,567,,,,,,,,,243,7374,15066
,,,568,,,,,,,,,243,7387,15053
,,,569,,,,,,,,,244,7403,15037
,,,570,,,,,,,,,244,7416,15024
,,,571,,,,,,,,,245,7436,15004
9,1,572,6713,21.9,running,5834313,447757,-3886,48,27.2,246,7448,14992,11
,,,573,,,,,,,,,246,7460,14980
,,,574,,,,,,,,,246,7471,14969
,,,575,,,,,,,,,247,7484,14957
,,,576,,,,,,,,,247,7495,14945
,,,577,,,,,,,,,248,7507,14933
,,,578,,,,,,,,,248,7518,14922
,,,579,,,,,,,,,249,7529,14911
,,,580,,,,,,,,,249,7541,14899
,,,581,,,,,,,,,250,7556,14884
,,,582,,,,,,,,,250,7567,14873
,,,583,,,,,,,,,251,7580,14860
,,,584,,,,,,,,,251,7593,14847
,,,585,,,,,,,,,252,7608,14832
,,,586,,,,,,,,,252,7622,14818
,,,587,,,,,,,,,253,7636,14804
,,,588,,,,,,,,,253,7649,14791
,,,589,,,,,,,,,254,7660,14780
,,,590,,,,,,,,,254,7671,14769
,,,591,,,,,,,,,255,7682,14758
,,,592,,,,,,,,,255,7693,14747
,,,593,,,,,,,,,255,7704,14736
,,,594,,,,,,,,,256,7714,14726
,,,595,,,,,,,,,256,7725,14715
,,,596,,,,,,,,,257,7735,14705
,,,597,,,,,,,,,257,7746,14694
,,,598,,,,,,,,,257,7756,14684
,,,599,,,,,,,,,258,7765,14675
,,,600,,,,,,,,,258,7783,14657
,,,601,,,,,,,,,259,7804,14636
,,,602,,,,,,,,,260,7818,14622
,,,603,,,,,,,,,260,7833,14607
,,,604,,,,,,,,,261,7846,14594
,,,605,,,,,,,,,261,7856,14584
,,,606,,,,,,,,,262,7867,14573
,,,607,,,,,,,,,262,7878,14562
,,,608,,,,,,,,,262,7888,14553
,,,609,,,,,,,,,263,7899,14541
,,,610,,,,,,,,,263,7913,14528
,,,611,,,,,,,,,264,7929,14511
,,,612,,,,,,,,,265,7957,14484
9,1,613,6733,37.7,running,5834367,447666,-3832,-42,25.9,266,7967,14473,35
,,,614,,,,,,,,,266,7978,14462
,,,615,,,,,,,,,266,7989,14451
,,,616,,,,,,,,,267,8008,14432
,,,617,,,,,,,,,267,8025,14415
,,,618,,,,,,,,,268,8041,14399
,,,619,,,,,,,,,268,8059,14381
,,,620,,,,,,,,,269,8079,14362
,,,621,,,,,,,,,269,8101,14340
,,,622,,,,,,,,,270,8122,14318
,,,623,,,,,,,,,270,8142,14298
,,,624,,,,,,,,,271,8157,14283
,,,625,,,,,,,,,271,8171,14269
,,,626,,,,,,,,,271,8186,14254
,,,627,,,,,,,,,272,8200,14240
,,,628,,,,,,,,,272,8212,14228
,,,629,,,,,,,,,273,8225,14215
,,,630,,,,,,,,,273,8238,14202
,,,631,,,,,,,,,273,8251,14189
,,,632,,,,,,,,,274,8261,14179
,,,633,,,,,,,,,274,8273,14168
,,,634,,,,,,,,,274,8282,14158
,,,635,,,,,,,,,274,8295,14145
,,,636,,,,,,,,,275,8306,14134
,,,637,,,,,,,,,275,8320,14120
9,1,638,6743,27.4,running,5834018,447570,-4182,-138,36.5,276,8332,14108,3
,,,639,,,,,,,,,276,8343,14097
,,,640,,,,,,,,,276,8352,14088
,,,641,,,,,,,,,276,8362,14078
,,,642,,,,,,,,,277,8379,14062
,,,643,,,,,,,,,278,8414,14026
,,,644,,,,,,,,,279,8447,13993
,,,645,,,,,,,,,280,8473,13967
,,,646,,,,,,,,,281,8508,13933
,,,647,,,,,,,,,282,8538,13902
,,,648,,,,,,,,,283,8552,13889
,,,649,,,,,,,,,283,8567,13874
,,,650,,,,,,,,,283,8579,13861
,,,651,,,,,,,,,284,8592,13848
,,,652,,,,,,,,,284,8603,13837
,,,653,,,,,,,,,285,8616,13824
,,,654,,,,,,,,,285,8627,13814
,,,655,,,,,,,,,285,8639,13801
,,,656,,,,,,,,,286,8665,13775
,,,657,,,,,,,,,287,8677,13763
,,,658,,,,,,,,,287,8688,13753
,,,659,,,,,,,,,287,8703,13737
,,,660,,,,,,,,,288,8723,13717
,,,661,,,,,,,,,289,8742,13698
,,,662,,,,,,,,,289,8756,13684
,,,663,,,,,,,,,290,8768,13672
,,,664,,,,,,,,,290,8777,13663
,,,665,,,,,,,,,290,8784,13656
,,,666,,,,,,,,,290,8797,13643
,,,667,,,,,,,,,291,8809,13631
,,,668,,,,,,,,,291,8825,13615
,,,669,,,,,,,,,292,8835,13605
,,,670,,,,,,,,,292,8846,13595
,,,671,,,,,,,,,292,8857,13583
,,,672,,,,,,,,,293,8867,13573
,,,673,,,,,,,,,293,8883,13558
,,,674,,,,,,,,,294,8898,13542
,,,675,,,,,,,,,294,8909,13532
,,,676,,,,,,,,,294,8919,13521
,,,677,,,,,,,,,295,8930,13510
,,,678,,,,,,,,,295,8941,13499
9,1,679,6763,31.4,running,5834419,447507,-3780,-200,31.0,296,8953,13487,9
,,,680,,,,,,,,,296,8965,13475
,,,681,,,,,,,,,296,8977,13463
,,,682,,,,,,,,,297,8989,13452
,,,683,,,,,,,,,297,9001,13439
,,,684,,,,,,,,,297,9013,13427
,,,685,,,,,,,,,298,9025,13415
,,,686,,,,,,,,,298,9038,13402
,,,687,,,,,,,,,299,9049,13392
,,,688,,,,,,,,,299,9060,13380
,,,689,,,,,,,,,299,9072,13368
,,,690,,,,,,,,,300,9083,13357
,,,691,,,,,,,,,300,9098,13343
,,,692,,,,,,,,,301,9111,13330
,,,693,,,,,,,,,301,9123,13317
,,,694,,,,,,,,,301,9134,13306
,,,695,,,,,,,,,302,9146,13294
,,,696,,,,,,,,,302,9158,13282
,,,697,,,,,,,,,302,9171,13269
,,,698,,,,,,,,,303,9184,13257
,,,699,,,,,,,,,303,9195,13245
,,,700,,,,,,,,,304,9209,13231
,,,701,,,,,,,,,304,9220,13220
,,,702,,,,,,,,,304,9231,13209
,,,703,,,,,,,,,305,9242,13198
,,,704,,,,,,,,,305,9254,13186
9,1,705,6773,14.0,running,5834714,447412,-3485,-296,31.1,306,9265,13175,4
9,1,137,6101,4.9,ended,5836485,449586,-1410,1631,11.2,1676,1720,20720,704
Car Id,Tramo Id,UTM Index,Car Time,Speed,Status,Utm X,Utm Y,Norm X,Norm Y,Avg Speed,Track Time,Distance,Remaining Distance,Error
9,1,0,6347,0.0,start,5836375,448342,-1520,388,-1.0,0,0,22441,10
9,1,1,6367,0.0,running,5836366,448334,-1529,379,0.0,20,0,22441,8
,,,2,,,,,,,,,28,13,22427
,,,3,,,,,,,,,35,25,22415
,,,4,,,,,,,,,44,40,22400
,,,5,,,,,,,,,56,61,22379
,,,6,,,,,,,,,63,73,22367
,,,7,,,,,,,,,71,85,22355
,,,8,,,,,,,,,78,97,22343
,,,9,,,,,,,,,85,110,22330
,,,10,,,,,,,,,93,123,22317
,,,11,,,,,,,,,101,135,22305
,,,12,,,,,,,,,108,148,22292
,,,13,,,,,,,,,116,160,22280
,,,14,,,,,,,,,123,172,22268
9,1,15,6477,33.6,running,5836268,448460,-1627,506,1.6,130,184,22257,3
,,,16,,,,,,,,,130,195,22245
,,,17,,,,,,,,,130,206,22234
,,,18,,,,,,,,,131,218,22222
,,,19,,,,,,,,,131,231,22209
,,,20,,,,,,,,,132,243,22197
,,,21,,,,,,,,,132,254,22186
,,,22,,,,,,,,,132,265,22175
,,,23,,,,,,,,,133,276,22164
,,,24,,,,,,,,,133,287,22153
,,,25,,,,,,,,,133,299,22141
,,,26,,,,,,,,,134,310,22130
,,,27,,,,,,,,,134,323,22118
,,,28,,,,,,,,,135,335,22105
,,,29,,,,,,,,,135,349,22092
,,,30,,,,,,,,,136,362,22078
,,,31,,,,,,,,,136,375,22065
,,,32,,,,,,,,,137,389,22052
,,,33,,,,,,,,,137,402,22039
,,,34,,,,,,,,,137,414,22026
,,,35,,,,,,,,,138,425,22015
,,,36,,,,,,,,,138,436,22004
,,,37,,,,,,,,,139,447,21993
,,,38,,,,,,,,,139,458,21982
,,,39,,,,,,,,,139,472,21969
,,,40,,,,,,,,,140,485,21955
,,,41,,,,,,,,,140,498,21942
,,,42,,,,,,,,,141,510,21930
,,,43,,,,,,,,,141,523,21917
,,,44,,,,,,,,,142,536,21904
,,,45,,,,,,,,,142,548,21892
,,,46,,,,,,,,,142,561,21879
,,,47,,,,,,,,,143,573,21867
,,,48,,,,,,,,,143,585,21855
,,,49,,,,,,,,,144,597,21843
,,,50,,,,,,,,,144,609,21831
,,,51,,,,,,,,,144,620,21820
,,,52,,,,,,,,,145,632,21808
,,,53,,,,,,,,,145,643,21797
,,,54,,,,,,,,,146,654,21786
,,,55,,,,,,,,,146,665,21775
,,,56,,,,,,,,,146,676,21764
,,,57,,,,,,,,,147,686,21755
,,,58,,,,,,,,,147,699,21742
,,,59,,,,,,,,,148,711,21730
,,,60,,,,,,,,,148,723,21717
,,,61,,,,,,,,,148,735,21705
,,,62,,,,,,,,,149,747,21693
,,,63,,,,,,,,,149,759,21681
,,,64,,,,,,,,,150,770,21670
,,,65,,,,,,,,,150,782,21658
,,,66,,,,,,,,,150,794,21646
,,,67,,,,,,,,,151,807,21634
,,,68,,,,,,,,,151,819,21621
,,,69,,,,,,,,,152,831,21609
,,,70,,,,,,,,,152,843,21597
,,,71,,,,,,,,,152,856,21585
,,,72,,,,,,,,,153,868,21572
,,,73,,,,,,,,,153,880,21560
,,,74,,,,,,,,,154,893,21548
,,,75,,,,,,,,,154,905,21535
,,,76,,,,,,,,,155,917,21523
,,,77,,,,,,,,,155,930,21510
,,,78,,,,,,,,,155,943,21498
,,,79,,,,,,,,,156,955,21485
,,,80,,,,,,,,,156,968,21472
,,,81,,,,,,,,,157,980,21460
,,,82,,,,,,,,,157,992,21448
,,,83,,,,,,,,,158,1003,21437
,,,84,,,,,,,,,158,1013,21427
,,,85,,,,,,,,,159,1032,21409
,,,86,,,,,,,,,159,1050,21390
9,1,87,6507,26.3,running,5836108,449109,-1787,1154,29.2,160,1060,21380,8
,,,88,,,,,,,,,160,1071,21369
,,,89,,,,,,,,,160,1082,21358
,,,90,,,,,,,,,160,1096,21344
,,,91,,,,,,,,,161,1111,21330
,,,92,,,,,,,,,161,1124,21316
,,,93,,,,,,,,,161,1139,21301
,,,94,,,,,,,,,162,1154,21287
,,,95,,,,,,,,,162,1168,21272
,,,96,,,,,,,,,162,1182,21258
,,,97,,,,,,,,,163,1196,21244
,,,98,,,,,,,,,163,1210,21230
,,,99,,,,,,,,,163,1224,21216
,,,100,,,,,,,,,164,1238,21203
,,,101,,,,,,,,,164,1251,21189
,,,102,,,,,,,,,164,1265,21175
,,,103,,,,,,,,,165,1278,21162
,,,104,,,,,,,,,165,1291,21149
,,,105,,,,,,,,,165,1305,21135
,,,106,,,,,,,,,166,1319,21121
,,,107,,,,,,,,,166,1331,21109
,,,108,,,,,,,,,166,1344,21096
,,,109,,,,,,,,,167,1356,21084
,,,110,,,,,,,,,167,1367,21073
,,,111,,,,,,,,,167,1379,21061
,,,112,,,,,,,,,168,1390,21050
,,,113,,,,,,,,,168,1401,21039
,,,114,,,,,,,,,168,1420,21020
,,,115,,,,,,,,,169,1431,21009
,,,116,,,,,,,,,169,1437,21004
,,,117,,,,,,,,,169,1452,20988
9,1,118,6517,45.8,running,5836424,449363,-1471,1408,40.9,170,1470,20970,7
,,,119,,,,,,,,,170,1481,20959
,,,120,,,,,,,,,170,1494,20946
,,,121,,,,,,,,,171,1507,20933
,,,122,,,,,,,,,171,1521,20919
,,,123,,,,,,,,,172,1534,20906
,,,124,,,,,,,,,172,1548,20892
,,,125,,,,,,,,,173,1562,20878
,,,126,,,,,,,,,173,1575,20865
,,,127,,,,,,,,,174,1589,20851
,,,128,,,,,,,,,174,1602,20838
,,,129,,,,,,,,,174,1615,20826
,,,130,,,,,,,,,175,1627,20813
,,,131,,,,,,,,,175,1639,20801
,,,132,,,,,,,,,176,1650,20790
,,,133,,,,,,,,,176,1661,20779
,,,134,,,,,,,,,176,1672,20769
,,,135,,,,,,,,,177,1690,20750
,,,136,,,,,,,,,178,1710,20731
,,,137,,,,,,,,,178,1720,20720
,,,138,,,,,,,,,178,1731,20709
,,,139,,,,,,,,,179,1742,20698
,,,140,,,,,,,,,179,1755,20685
,,,141,,,,,,,,,180,1769,20671
,,,142,,,,,,,,,180,1783,20657
,,,143,,,,,,,,,181,1797,20643
,,,144,,,,,,,,,181,1811,20629
,,,145,,,,,,,,,182,1824,20616
,,,146,,,,,,,,,182,1836,20604
,,,147,,,,,,,,,182,1848,20592
,,,148,,,,,,,,,183,1859,20581
,,,149,,,,,,,,,183,1870,20570
,,,150,,,,,,,,,184,1880,20560
,,,151,,,,,,,,,184,1894,20547
,,,152,,,,,,,,,184,1907,20534
,,,153,,,,,,,,,185,1917,20523
,,,154,,,,,,,,,185,1930,20510
,,,155,,,,,,,,,186,1944,20496
,,,156,,,,,,,,,186,1955,20485
,,,157,,,,,,,,,187,1967,20473
,,,158,,,,,,,,,187,1976,20465
,,,159,,,,,,,,,187,1981,20459
,,,160,,,,,,,,,187,1993,20447
,,,161,,,,,,,,,188,2006,20435
,,,162,,,,,,,,,188,2021,20419
,,,163,,,,,,,,,189,2039,20401
9,1,164,6537,17.9,running,5836312,449855,-1583,1901,29.2,190,2055,20386,1
,,,165,,,,,,,,,190,2073,20367
,,,166,,,,,,,,,191,2090,20350
,,,167,,,,,,,,,191,2104,20337
,,,168,,,,,,,,,192,2120,20321
,,,169,,,,,,,,,192,2131,20309
,,,170,,,,,,,,,193,2143,20297
,,,171,,,,,,,,,193,2154,20286
,,,172,,,,,,,,,194,2166,20274
,,,173,,,,,,,,,194,2178,20262
,,,174,,,,,,,,,194,2190,20250
,,,175,,,,,,,,,195,2203,20237
,,,176,,,,,,,,,195,2216,20224
,,,177,,,,,,,,,196,2230,20211
,,,178,,,,,,,,,196,2243,20197
,,,179,,,,,,,,,197,2257,20183
,,,180,,,,,,,,,197,2270,20170
,,,181,,,,,,,,,198,2283,20158
,,,182,,,,,,,,,198,2295,20145
,,,183,,,,,,,,,199,2307,20133
,,,184,,,,,,,,,199,2318,20122
9,1,185,6547,30.1,running,5836111,449695,-1784,1741,27.5,200,2330,20110,8
,,,186,,,,,,,,,200,2342,20098
,,,187,,,,,,,,,200,2354,20087
,,,188,,,,,,,,,201,2366,20074
,,,189,,,,,,,,,201,2379,20062
,,,190,,,,,,,,,202,2392,20048
,,,191,,,,,,,,,202,2404,20036
,,,192,,,,,,,,,202,2416,20024
,,,193,,,,,,,,,203,2429,20011
,,,194,,,,,,,,,203,2442,19998
,,,195,,,,,,,,,204,2454,19986
,,,196,,,,,,,,,204,2466,19974
,,,197,,,,,,,,,205,2478,19962
,,,198,,,,,,,,,205,2489,19951
,,,199,,,,,,,,,206,2508,19932
,,,200,,,,,,,,,206,2525,19915
,,,201,,,,,,,,,207,2546,19894
,,,202,,,,,,,,,207,2556,19884
,,,203,,,,,,,,,208,2567,19874
,,,204,,,,,,,,,208,2585,19855
,,,205,,,,,,,,,209,2603,19837
,,,206,,,,,,,,,209,2621,19819
,,,207,,,,,,,,,210,2633,19807
,,,208,,,,,,,,,210,2645,19795
,,,209,,,,,,,,,211,2658,19783
,,,210,,,,,,,,,211,2671,19770
,,,211,,,,,,,,,212,2683,19757
,,,212,,,,,,,,,212,2695,19745
,,,213,,,,,,,,,212,2708,19732
,,,214,,,,,,,,,213,2720,19720
,,,215,,,,,,,,,213,2731,19709
,,,216,,,,,,,,,214,2743,19697
,,,217,,,,,,,,,214,2755,19686
,,,218,,,,,,,,,214,2766,19674
,,,219,,,,,,,,,215,2778,19662
,,,220,,,,,,,,,215,2790,19650
,,,221,,,,,,,,,216,2802,19639
,,,222,,,,,,,,,216,2813,19627
,,,223,,,,,,,,,216,2825,19615
,,,224,,,,,,,,,217,2838,19602
,,,225,,,,,,,,,217,2851,19590
,,,226,,,,,,,,,218,2863,19577
,,,227,,,,,,,,,218,2876,19564
,,,228,,,,,,,,,219,2889,19551
,,,229,,,,,,,,,219,2902,19538
9,1,230,6567,41.3,running,5835759,449616,-2136,1662,29.3,220,2917,19523,5
,,,231,,,,,,,,,220,2931,19509
,,,232,,,,,,,,,220,2945,19495
,,,233,,,,,,,,,221,2958,19482
,,,234,,,,,,,,,221,2972,19468
,,,235,,,,,,,,,222,2985,19455
,,,236,,,,,,,,,222,2997,19443
,,,237,,,,,,,,,222,3009,19431
,,,238,,,,,,,,,223,3021,19419
,,,239,,,,,,,,,223,3033,19407
,,,240,,,,,,,,,224,3046,19394
,,,241,,,,,,,,,224,3059,19381
,,,242,,,,,,,,,224,3072,19368
,,,243,,,,,,,,,225,3085,19355
,,,244,,,,,,,,,225,3098,19342
,,,245,,,,,,,,,226,3110,19330
,,,246,,,,,,,,,226,3122,19318
,,,247,,,,,,,,,226,3135,19305
,,,248,,,,,,,,,227,3147,19293
,,,249,,,,,,,,,227,3158,19282
,,,250,,,,,,,,,228,3168,19272
,,,251,,,,,,,,,228,3180,19261
,,,252,,,,,,,,,228,3191,19249
,,,253,,,,,,,,,229,3204,19237
,,,254,,,,,,,,,229,3216,19225
9,1,255,6577,29.6,running,5835581,449853,-2314,1898,31.2,230,3229,19211,6
,,,256,,,,,,,,,230,3242,19198
,,,257,,,,,,,,,230,3254,19186
,,,258,,,,,,,,,231,3265,19175
,,,259,,,,,,,,,231,3276,19164
,,,260,,,,,,,,,231,3293,19147
,,,261,,,,,,,,,232,3305,19136
,,,262,,,,,,,,,232,3317,19123
,,,263,,,,,,,,,232,3319,19122
,,,264,,,,,,,,,233,3330,19110
,,,265,,,,,,,,,233,3349,19091
,,,266,,,,,,,,,233,3360,19080
,,,267,,,,,,,,,234,3372,19068
,,,268,,,,,,,,,234,3385,19055
,,,269,,,,,,,,,235,3397,19043
,,,270,,,,,,,,,235,3411,19030
,,,271,,,,,,,,,235,3424,19016
,,,272,,,,,,,,,236,3437,19003
,,,273,,,,,,,,,236,3450,18990
,,,274,,,,,,,,,237,3462,18978
,,,275,,,,,,,,,237,3474,18966
,,,276,,,,,,,,,237,3486,18954
,,,277,,,,,,,,,238,3500,18940
,,,278,,,,,,,,,238,3514,18926
,,,279,,,,,,,,,239,3527,18913
,,,280,,,,,,,,,239,3540,18900
,,,281,,,,,,,,,239,3552,18888
,,,282,,,,,,,,,240,3565,18876
,,,283,,,,,,,,,240,3578,18863
,,,284,,,,,,,,,241,3591,18849
,,,285,,,,,,,,,241,3606,18834
,,,286,,,,,,,,,241,3621,18820
,,,287,,,,,,,,,242,3635,18805
,,,288,,,,,,,,,242,3650,18790
,,,289,,,,,,,,,243,3664,18776
,,,290,,,,,,,,,243,3678,18762
,,,291,,,,,,,,,244,3693,18747
,,,292,,,,,,,,,244,3707,18733
,,,293,,,,,,,,,245,3721,18719
,,,294,,,,,,,,,245,3735,18705
,,,295,,,,,,,,,245,3749,18691
,,,296,,,,,,,,,246,3763,18677
,,,297,,,,,,,,,246,3777,18663
,,,298,,,,,,,,,247,3791,18649
,,,299,,,,,,,,,247,3803,18637
,,,300,,,,,,,,,247,3815,18625
,,,301,,,,,,,,,248,3826,18615
,,,302,,,,,,,,,248,3842,18598
,,,303,,,,,,,,,249,3852,18588
,,,304,,,,,,,,,249,3866,18574
9,1,305,6597,25.9,running,5835260,449423,-2635,1469,32.7,250,3883,18557,2
,,,306,,,,,,,,,250,3895,18545
,,,307,,,,,,,,,250,3908,18533
,,,308,,,,,,,,,251,3922,18518
,,,309,,,,,,,,,252,3936,18504
,,,310,,,,,,,,,252,3951,18489
,,,311,,,,,,,,,253,3966,18474
,,,312,,,,,,,,,253,3981,18459
,,,313,,,,,,,,,254,3995,18445
,,,314,,,,,,,,,254,4009,18432
,,,315,,,,,,,,,255,4022,18418
,,,316,,,,,,,,,256,4034,18406
,,,317,,,,,,,,,256,4045,18395
,,,318,,,,,,,,,257,4061,18379
,,,319,,,,,,,,,257,4072,18368
,,,320,,,,,,,,,257,4083,18357
,,,321,,,,,,,,,258,4096,18344
,,,322,,,,,,,,,258,4108,18332
,,,323,,,,,,,,,259,4119,18321
,,,324,,,,,,,,,259,4134,18307
,,,325,,,,,,,,,260,4150,18291
,,,326,,,,,,,,,261,4165,18276
,,,327,,,,,,,,,261,4179,18261
,,,328,,,,,,,,,262,4192,18248
,,,329,,,,,,,,,262,4206,18235
,,,330,,,,,,,,,263,4219,18221
,,,331,,,,,,,,,263,4233,18207
,,,332,,,,,,,,,264,4247,18193
,,,333,,,,,,,,,265,4261,18179
,,,334,,,,,,,,,265,4274,18166
,,,335,,,,,,,,,266,4287,18153
,,,336,,,,,,,,,266,4300,18140
,,,337,,,,,,,,,267,4313,18127
,,,338,,,,,,,,,267,4326,18115
,,,339,,,,,,,,,268,4339,18101
,,,340,,,,,,,,,268,4351,18089
,,,341,,,,,,,,,269,4363,18077
,,,342,,,,,,,,,269,4374,18066
9,1,343,6617,33.9,running,5835175,449229,-2720,1275,25.0,270,4385,18055,3
,,,344,,,,,,,,,270,4395,18045
,,,345,,,,,,,,,270,4407,18034
,,,346,,,,,,,,,271,4427,18013
,,,347,,,,,,,,,272,4442,17998
,,,348,,,,,,,,,272,4451,17989
,,,349,,,,,,,,,273,4468,17973
,,,350,,,,,,,,,274,4486,17954
,,,351,,,,,,,,,274,4498,17942
,,,352,,,,,,,,,275,4510,17931
,,,353,,,,,,,,,275,4521,17919
,,,354,,,,,,,,,276,4531,17909
,,,355,,,,,,,,,276,4552,17889
,,,356,,,,,,,,,277,4571,17870
,,,357,,,,,,,,,278,4591,17849
,,,358,,,,,,,,,278,4601,17839
,,,359,,,,,,,,,279,4611,17829
,,,360,,,,,,,,,279,4622,17818
,,,361,,,,,,,,,280,4632,17808
,,,362,,,,,,,,,280,4642,17798
,,,363,,,,,,,,,281,4663,17777
9,1,364,6629,30.7,running,5835222,449098,-2673,1143,24.1,282,4675,17765,4
,,,365,,,,,,,,,282,4688,17753
,,,366,,,,,,,,,282,4700,17740
,,,367,,,,,,,,,283,4713,17728
,,,368,,,,,,,,,283,4726,17714
,,,369,,,,,,,,,284,4738,17702
,,,370,,,,,,,,,284,4752,17688
,,,371,,,,,,,,,285,4765,17675
,,,372,,,,,,,,,285,4779,17662
,,,373,,,,,,,,,286,4792,17648
,,,374,,,,,,,,,286,4804,17636
,,,375,,,,,,,,,287,4817,17623
,,,376,,,,,,,,,287,4830,17611
,,,377,,,,,,,,,287,4841,17600
,,,378,,,,,,,,,288,4851,17589
,,,379,,,,,,,,,288,4862,17578
,,,380,,,,,,,,,289,4872,17568
,,,381,,,,,,,,,289,4884,17556
,,,382,,,,,,,,,289,4897,17543
,,,383,,,,,,,,,290,4910,17530
,,,384,,,,,,,,,290,4923,17517
,,,385,,,,,,,,,291,4935,17505
,,,386,,,,,,,,,291,4947,17493
,,,387,,,,,,,,,292,4959,17481
,,,388,,,,,,,,,292,4970,17470
,,,389,,,,,,,,,292,4980,17460
,,,390,,,,,,,,,293,4993,17447
,,,391,,,,,,,,,293,5007,17433
,,,392,,,,,,,,,294,5018,17422
,,,393,,,,,,,,,295,5039,17401
,,,394,,,,,,,,,295,5051,17389
,,,395,,,,,,,,,296,5071,17369
,,,396,,,,,,,,,296,5088,17352
,,,397,,,,,,,,,297,5104,17336
,,,398,,,,,,,,,297,5120,17320
,,,399,,,,,,,,,298,5135,17306
,,,400,,,,,,,,,299,5149,17291
,,,401,,,,,,,,,299,5164,17277
,,,402,,,,,,,,,300,5177,17263
,,,403,,,,,,,,,300,5191,17249
,,,404,,,,,,,,,300,5204,17236
,,,405,,,,,,,,,301,5217,17223
,,,406,,,,,,,,,301,5231,17210
,,,407,,,,,,,,,302,5244,17196
,,,408,,,,,,,,,302,5258,17183
,,,409,,,,,,,,,303,5272,17168
,,,410,,,,,,,,,303,5286,17154
,,,411,,,,,,,,,304,5300,17140
,,,412,,,,,,,,,304,5314,17126
,,,413,,,,,,,,,305,5328,17112
9,1,414,6653,36.0,running,5835154,448714,-2741,760,27.8,306,5343,17097,4
,,,415,,,,,,,,,306,5358,17082
,,,416,,,,,,,,,306,5372,17068
,,,417,,,,,,,,,307,5385,17055
,,,418,,,,,,,,,307,5398,17042
,,,419,,,,,,,,,307,5411,17029
,,,420,,,,,,,,,308,5423,17017
,,,421,,,,,,,,,308,5435,17005
,,,422,,,,,,,,,309,5447,16993
,,,423,,,,,,,,,309,5459,16981
,,,424,,,,,,,,,309,5471,16969
,,,425,,,,,,,,,310,5482,16958
,,,426,,,,,,,,,310,5493,16947
,,,427,,,,,,,,,310,5504,16936
,,,428,,,,,,,,,311,5516,16924
,,,429,,,,,,,,,311,5528,16912
,,,430,,,,,,,,,311,5540,16900
,,,431,,,,,,,,,312,5553,16887
,,,432,,,,,,,,,312,5565,16875
,,,433,,,,,,,,,312,5577,16863
,,,434,,,,,,,,,313,5589,16851
,,,435,,,,,,,,,313,5601,16839
,,,436,,,,,,,,,313,5613,16828
,,,437,,,,,,,,,314,5624,16816
,,,438,,,,,,,,,314,5636,16804
,,,439,,,,,,,,,314,5648,16792
,,,440,,,,,,,,,315,5660,16780
,,,441,,,,,,,,,315,5673,16767
9,1,442,6663,39.1,running,5834977,448433,-2918,479,34.1,316,5685,16755,3
,,,443,,,,,,,,,316,5697,16743
,,,444,,,,,,,,,316,5709,16731
,,,445,,,,,,,,,316,5721,16720
,,,446,,,,,,,,,317,5733,16707
,,,447,,,,,,,,,317,5745,16695
,,,448,,,,,,,,,317,5757,16683
,,,449,,,,,,,,,317,5769,16671
,,,450,,,,,,,,,318,5782,16659
,,,451,,,,,,,,,318,5795,16645
,,,452,,,,,,,,,318,5808,16633
,,,453,,,,,,,,,319,5821,16619
,,,454,,,,,,,,,319,5834,16606
,,,455,,,,,,,,,319,5847,16593
,,,456,,,,,,,,,319,5860,16580
,,,457,,,,,,,,,320,5873,16567
,,,458,,,,,,,,,320,5886,16554
,,,459,,,,,,,,,320,5899,16542
,,,460,,,,,,,,,321,5911,16529
,,,461,,,,,,,,,321,5924,16516
,,,462,,,,,,,,,321,5935,16505
,,,463,,,,,,,,,321,5948,16492
,,,464,,,,,,,,,322,5960,16480
,,,465,,,,,,,,,322,5974,16466
,,,466,,,,,,,,,322,5987,16453
,,,467,,,,,,,,,323,6001,16439
,,,468,,,,,,,,,323,6014,16426
,,,469,,,,,,,,,323,6027,16413
,,,470,,,,,,,,,324,6041,16400
,,,471,,,,,,,,,324,6054,16386
,,,472,,,,,,,,,324,6067,16373
,,,473,,,,,,,,,324,6082,16359
,,,474,,,,,,,,,325,6096,16345
,,,475,,,,,,,,,325,6110,16330
,,,476,,,,,,,,,325,6124,16316
,,,477,,,,,,,,,326,6139,16301
,,,478,,,,,,,,,326,6153,16288
,,,479,,,,,,,,,326,6166,16274
,,,480,,,,,,,,,327,6178,16262
,,,481,,,,,,,,,327,6190,16250
,,,482,,,,,,,,,327,6201,16240
,,,483,,,,,,,,,327,6211,16229
,,,484,,,,,,,,,328,6230,16210
,,,485,,,,,,,,,328,6246,16194
,,,486,,,,,,,,,328,6256,16184
,,,487,,,,,,,,,329,6263,16177
,,,488,,,,,,,,,329,6274,16166
,,,489,,,,,,,,,329,6288,16152
,,,490,,,,,,,,,329,6303,16137
,,,491,,,,,,,,,330,6321,16119
,,,492,,,,,,,,,330,6341,16099
,,,493,,,,,,,,,331,6352,16088
,,,494,,,,,,,,,331,6365,16076
,,,495,,,,,,,,,331,6379,16061
,,,496,,,,,,,,,332,6393,16047
,,,497,,,,,,,,,332,6407,16033
,,,498,,,,,,,,,332,6422,16018
,,,499,,,,,,,,,332,6435,16005
,,,500,,,,,,,,,333,6449,15991
,,,501,,,,,,,,,333,6463,15977
,,,502,,,,,,,,,333,6477,15963
,,,503,,,,,,,,,334,6491,15949
,,,504,,,,,,,,,334,6505,15935
,,,505,,,,,,,,,334,6520,15920
,,,506,,,,,,,,,335,6536,15904
,,,507,,,,,,,,,335,6553,15888
9,1,508,6683,49.9,running,5834194,448074,-3701,119,44.2,336,6570,15870,5
,,,509,,,,,,,,,336,6591,15849
,,,510,,,,,,,,,337,6610,15830
,,,511,,,,,,,,,337,6629,15811
,,,512,,,,,,,,,338,6647,15793
,,,513,,,,,,,,,338,6664,15776
,,,514,,,,,,,,,339,6680,15760
,,,515,,,,,,,,,339,6696,15744
,,,516,,,,,,,,,340,6710,15730
,,,517,,,,,,,,,340,6723,15717
,,,518,,,,,,,,,340,6736,15705
,,,519,,,,,,,,,341,6747,15693
,,,520,,,,,,,,,341,6758,15682
,,,521,,,,,,,,,341,6769,15671
,,,522,,,,,,,,,342,6787,15653
,,,523,,,,,,,,,342,6801,15639
,,,524,,,,,,,,,343,6811,15629
,,,525,,,,,,,,,343,6822,15618
,,,526,,,,,,,,,344,6838,15602
,,,527,,,,,,,,,344,6858,15583
,,,528,,,,,,,,,344,6868,15572
,,,529,,,,,,,,,345,6880,15561
,,,530,,,,,,,,,345,6891,15549
9,1,531,6693,26.1,running,5833916,447950,-3979,-3,33.3,346,6903,15537,5
,,,532,,,,,,,,,346,6916,15525
,,,533,,,,,,,,,346,6927,15513
,,,534,,,,,,,,,347,6938,15502
,,,535,,,,,,,,,347,6956,15484
,,,536,,,,,,,,,348,6968,15472
,,,537,,,,,,,,,348,6979,15461
,,,538,,,,,,,,,349,6991,15449
,,,539,,,,,,,,,349,7006,15434
,,,540,,,,,,,,,350,7018,15422
,,,541,,,,,,,,,350,7030,15410
,,,542,,,,,,,,,351,7043,15397
,,,543,,,,,,,,,351,7054,15386
,,,544,,,,,,,,,351,7066,15374
,,,545,,,,,,,,,352,7083,15357
,,,546,,,,,,,,,353,7100,15340
,,,547,,,,,,,,,353,7121,15319
,,,548,,,,,,,,,354,7132,15308
,,,549,,,,,,,,,354,7143,15297
,,,550,,,,,,,,,355,7154,15286
,,,551,,,,,,,,,355,7166,15274
,,,552,,,,,,,,,356,7178,15263
,,,553,,,,,,,,,356,7190,15251
,,,554,,,,,,,,,356,7201,15239
,,,555,,,,,,,,,357,7214,15227
,,,556,,,,,,,,,357,7227,15213
,,,557,,,,,,,,,358,7240,15200
,,,558,,,,,,,,,358,7255,15185
,,,559,,,,,,,,,359,7271,15169
,,,560,,,,,,,,,360,7285,15155
,,,561,,,,,,,,,360,7299,15141
,,,562,,,,,,,,,361,7312,15128
,,,563,,,,,,,,,361,7326,15114
,,,564,,,,,,,,,361,7336,15104
,,,565,,,,,,,,,362,7350,15091
,,,566,,,,,,,,,362,7362,15078
,,,567,,,,,,,,,363,7374,15066
,,,568,,,,,,,,,363,7387,15053
,,,569,,,,,,,,,364,7403,15037
,,,570,,,,,,,,,364,7416,15024
,,,571,,,,,,,,,365,7436,15004
9,1,572,6713,21.9,running,5834313,447757,-3582,-196,27.2,366,7448,14992,11
,,,573,,,,,,,,,366,7460,14980
,,,574,,,,,,,,,366,7471,14969
,,,575,,,,,,,,,367,7484,14957
,,,576,,,,,,,,,367,7495,14945
,,,577,,,,,,,,,368,7507,14933
,,,578,,,,,,,,,368,7518,14922
,,,579,,,,,,,,,369,7529,14911
,,,580,,,,,,,,,369,7541,14899
,,,581,,,,,,,,,370,7556,14884
,,,582,,,,,,,,,370,7567,14873
,,,583,,,,,,,,,371,7580,14860
,,,584,,,,,,,,,371,7593,14847
,,,585,,,,,,,,,372,7608,14832
,,,586,,,,,,,,,372,7622,14818
,,,587,,,,,,,,,373,7636,14804
,,,588,,,,,,,,,373,7649,14791
,,,589,,,,,,,,,374,7660,14780
,,,590,,,,,,,,,374,7671,14769
,,,591,,,,,,,,,375,7682,14758
,,,592,,,,,,,,,375,7693,14747
,,,593,,,,,,,,,375,7704,14736
,,,594,,,,,,,,,376,7714,14726
,,,595,,,,,,,,,376,7725,14715
,,,596,,,,,,,,,377,7735,14705
,,,597,,,,,,,,,377,7746,14694
,,,598,,,,,,,,,377,7756,14684
,,,599,,,,,,,,,378,7765,14675
,,,600,,,,,,,,,378,7783,14657
,,,601,,,,,,,,,379,7804,14636
,,,602,,,,,,,,,380,7818,14622
,,,603,,,,,,,,,380,7833,14607
,,,604,,,,,,,,,381,7846,14594
,,,605,,,,,,,,,381,7856,14584
,,,606,,,,,,,,,382,7867,14573
,,,607,,,,,,,,,382,7878,14562
,,,608,,,,,,,,,382,7888,14553
,,,609,,,,,,,,,383,7899,14541
,,,610,,,,,,,,,383,7913,14528
,,,611,,,,,,,,,384,7929,14511
,,,612,,,,,,,,,385,7957,14484
9,1,613,6733,37.7,ended,5834367,447666,-3528,-288,25.9,386,7967,14473,35
